0.10000 0.50000000000000000000
0.20000 0.51794398350158477040
0.30000 0.55702559076972768537
0.40000 0.59647000832642638191
0.50000 0.61117284751129363762
0.60000 0.58834357065272924192
0.70000 0.53644662490275918376
0.80000 0.47576143213103044838
0.90000 0.42460982813769154731
1.00000 0.39380699432045568331
1.10000 0.38769967994698467662
1.20000 0.40571973324233528979
1.30000 0.44098102967620295134
1.40000 0.47785194494531019194
1.50000 0.49610061774177882654
1.60000 0.48389079656292777187
1.70000 0.44632608958259584186
1.80000 0.39944544325020836517
1.90000 0.35893525387471031385
2.00000 0.33464121196654311730
2.10000 0.33089374103002838767
2.20000 0.34770855970999720030
2.30000 0.37960754273583890983
2.40000 0.41345967858647553195
2.50000 0.43177046159097048905
2.60000 0.42372114917664455147
2.70000 0.39301295424707610726
2.80000 0.35333806169328862978
2.90000 0.31862379096346044038
3.00000 0.29788013170941124441
3.10000 0.29523696466015109108
3.20000 0.31094013840447448649
3.30000 0.34029812705394718586
3.40000 0.37170900618954977324
3.50000 0.38946539410136132853
3.60000 0.38355785474478992780
3.70000 0.35693496979654487644
3.80000 0.32178404515548081344
3.90000 0.29079580832787782496
4.00000 0.27232964030214668050
4.10000 0.27030995019925185829
4.20000 0.28509216055570135717
4.30000 0.31249504664969723899
4.40000 0.34196636823936538141
4.50000 0.35907317086789863891
4.60000 0.35444351329084861080
4.70000 0.33056075832564563166
4.80000 0.29855448806831980102
4.90000 0.27019614837782990335
5.00000 0.25333301451081768896
5.10000 0.25170718361216903869
5.20000 0.26573177678198772744
5.30000 0.29158691889120541552
5.40000 0.31949338832257889731
5.50000 0.33598056916882051981
5.60000 0.33218792162969873472
5.70000 0.31028421850401777249
5.80000 0.28060937911555750013
5.90000 0.25422187794307166131
6.00000 0.23855685336342266623
6.10000 0.23719924128546335251
6.20000 0.25059423539452119201
6.30000 0.27519297410205284526
6.40000 0.30181303035098522303
6.50000 0.31774007512023411115
6.60000 0.31453221086973853771
6.70000 0.29413188895794878386
6.80000 0.26626403452802471783
6.90000 0.24141626368330518226
7.00000 0.22668503395742101159
7.10000 0.22552018787034225356
7.20000 0.23838513331035471321
7.30000 0.26194268015212690548
7.40000 0.28748702869175396524
7.50000 0.30291593506947350756
7.60000 0.30013643710231280304
7.70000 0.28092065010530758995
7.80000 0.25449939439539032149
7.90000 0.23089188054519582671
8.00000 0.21691124817077300779
8.10000 0.21589067012852347638
8.20000 0.22830379010931667327
8.30000 0.25098378759404738059
8.40000 0.27561534597128545254
8.50000 0.29060287496542930308
8.60000 0.28814873278727398676
8.70000 0.26989236740147143356
8.80000 0.24465805649846203429
8.90000 0.22207317859621919509
9.00000 0.20871030740966603489
9.10000 0.20780116546881199913
9.20000 0.21982483194632251866
9.30000 0.24175482337336806626
9.40000 0.26560214261558007243
9.50000 0.28019809651459376409
9.60000 0.27799823398744599734
9.70000 0.26053586577307363825
9.80000 0.23629443936929453440
9.90000 0.21456841862754716388
10.00000 0.20172354178612925124
10.10000 0.20090268053692364458
10.20000 0.21258737159150917218
10.30000 0.23386886829534547783
10.40000 0.25703523420338958427
10.50000 0.27128267203496442272
10.60000 0.26928618652147701118
10.70000 0.25249232961996054270
10.80000 0.22909445370872760783
10.90000 0.20810053156291472010
11.00000 0.19569657862869602183
11.10000 0.19494711648871498877
11.20000 0.20633425532612451048
11.30000 0.22704950235346202381
11.40000 0.24961922798092273101
11.50000 0.26355524521810408389
11.60000 0.26172455444938574898
11.70000 0.24550153011188613483
11.80000 0.22282952101017997060
11.90000 0.20246731935072825870
12.00000 0.19044336464318897817
12.10000 0.18975265179077208111
12.20000 0.20087666097091227968
12.30000 0.22109331903784615325
12.40000 0.24313619089129134831
12.50000 0.25679278760291746053
12.60000 0.25509943084485070530
12.70000 0.23936956304091538961
12.80000 0.21732882854364754532
12.90000 0.19751733051226641469
13.00000 0.18582427728677483603
13.10000 0.18518261375519481926
13.20000 0.19607242223409912518
13.30000 0.21584689309378332633
13.40000 0.23742138004148791164
13.50000 0.25082625916312090153
13.60000 0.24924821554458809203
13.70000 0.23394861461087348986
13.80000 0.21246184582905505711
13.90000 0.19313460028155812753
14.00000 0.18173223656278658655
14.10000 0.18113203666886426579
14.20000 0.19181220229804574195
14.30000 0.21119204546227823838
14.40000 0.23234766068412268658
14.50000 0.24552491407742105256
14.60000 0.24404482892090170743
14.70000 0.22912379115440698052
14.80000 0.20812689930210551137
14.90000 0.18922864632948799279
15.00000 0.17808357624233009386
15.10000 0.17751880626037455646
15.20000 0.18801036450291297442
15.30000 0.20703608961347297335
15.40000 0.22781516061257259254
15.50000 0.24078584239558642466
15.60000 0.23938981852698582031
15.70000 0.22480427209918993348
15.80000 0.20424347121095590141
15.90000 0.18572770690176265695
16.00000 0.17481185992330663947
16.10000 0.17427764910260101772
16.20000 0.18459876394922167253
16.30000 0.20330518423853119470
16.40000 0.22374420099653491434
16.50000 0.23652680124682093354
16.60000 0.23520355376714388584
16.70000 0.22091720354595589804
16.80000 0.20074686841664360348
16.90000 0.18257404862054130157
17.00000 0.17186358151137995365
17.10000 0.17135594649272789525
17.20000 0.18152241634819374361
17.30000 0.19993968718630272807
17.40000 0.22007034421249163647
17.50000 0.23268117904050647504
17.60000 0.23142143077995677714
17.70000 0.21740338275592382966
17.80000 0.19758444499605701261
17.90000 0.17972063487969569540
18.00000 0.16919510721813602050
18.10000 0.16871075265022797418
18.20000 0.17873640835694226681
18.30000 0.19689083567651302631
18.40000 0.21674084824710079800
18.50000 0.22919438125692889741
18.60000 0.22799042169618025100
18.70000 0.21421414437581340340
18.80000 0.19471287051319821626
18.90000 0.17712871204126892644
19.00000 0.16677045664225706445
19.10000 0.16630662822410088864
19.20000 0.17620364977878347212
19.30000 0.19411832754598012940
19.40000 0.21371207883718523757
19.50000 0.22602118684188390874
19.60000 0.22486654456970811555
19.70000 0.21130907209669028135
19.80000 0.19209611837387671751
19.90000 0.17476602898042950529
20.00000 0.16455966386242096289
20.10000 0.16411403821851475171
20.20000 0.17389320942429775663
20.30000 0.19158852820636626535
20.40000 0.21094758802918237017
20.50000 0.22312378161204507454
20.60000 0.22201297722608584473
20.70000 0.20865428914527031634
20.80000 0.18970396029403849281
20.90000 0.17260550261057761023
21.00000 0.16253754757262675601
21.10000 0.16210814849421587014
21.20000 0.17177906367926251696
21.30000 0.18927312069531079808
21.40000 0.20841666550360574139
21.50000 0.22047027298090141056
21.60000 0.21939863001047787971
21.70000 0.20622116226674638839
21.80000 0.18751082305594843347
21.90000 0.17062420318478524472
22.00000 0.16068277490885632397
22.10000 0.16026790878901062132
22.20000 0.16983914210129735789
22.30000 0.18714807504878072653
22.40000 0.20609323115268982085
22.50000 0.21803355279188171845
22.60000 0.21699705114938691586
22.70000 0.20398530604838785441
22.80000 0.18549490890121389519
22.90000 0.16880257264949713458
23.00000 0.15897713958112894006
23.10000 0.15857534503647682800
23.20000 0.16805459022433777427
23.30000 0.18519285146332500891
23.40000 0.20395497786942448637
23.50000 0.21579041583931865556
23.60000 0.21478557690144564618
23.70000 0.20192580870765775014
23.80000 0.18363751065054109701
23.90000 0.16712381537032439116
24.00000 0.15740499868935847738
24.10000 0.15701500681337973719
24.20000 0.16640919351105773472
24.30000 0.18338977709789752724
24.40000 0.20198270041888602422
24.50000 0.21372086885010521673
24.60000 0.21274466437723102419
24.70000 0.20002462343440416404
24.80000 0.18192247261290764304
24.90000 0.16557341807169723147
25.00000 0.15595282861350093229
25.10000 0.15557353129823345284
25.20000 0.16488892244486050287
25.30000 0.18172355353562377744
25.40000 0.20015976450182171309
25.50000 0.21180758316682726794
25.60000 0.21085736240744343273
25.70000 0.19826608504823062251
25.80000 0.18033576200380574406
25.90000 0.16413876783315489716
26.00000 0.15460887135024914407
26.10000 0.15423929580233050607
26.20000 0.16348156978795777561
26.30000 0.18018086374582376052
26.40000 0.19847168269600082291
26.50000 0.21003545713143592644
26.60000 0.20910888795437854171
26.70000 0.19663652260546413131
26.80000 0.17886512508543753186
26.90000 0.16280884533985826024
27.00000 0.15336285032324145639
27.10000 0.15300213838628853869
27.20000 0.16217645874050171106
27.30000 0.17875005565343737857
27.40000 0.19690577276910439797
27.50000 0.20839126312073041891
27.60000 0.20748628407982586119
27.70000 0.19512394624995807457
27.80000 0.17749980894077768689
27.90000 0.16157397648880386654
28.00000 0.15220574010909851403
28.10000 0.15185313135218131420
28.20000 0.16096420619999157742
28.30000 0.17742088528959368277
28.40000 0.19545088011621217228
28.50000 0.20686336055699294789
28.60000 0.20597814155686852700
28.70000 0.19371779207403205803
28.80000 0.17623033458665429696
28.90000 0.16042562968195536732
29.00000 0.15112957840539034682
29.10000 0.15078439618939387667
29.20000 0.15983652924622582248
29.30000 0.17618430671653295683
29.40000 0.19409715058246779229
29.50000 0.20544146081279213156
29.60000 0.20457437060140112872
29.70000 0.19240871271570406109
29.80000 0.17504831060465506076
29.90000 0.15935624920642085800
30.00000 0.15012731138729251690
30.10000 0.14978895130585309636
30.20000 0.15878608583331596527
30.30000 0.17503229899270547620
30.40000 0.19283584321768210135
30.50000 0.20411643328415959853
30.60000 0.20326601240806510540
30.70000 0.19118840431837594296
30.80000 0.17394627901604373110
30.90000 0.15835911735485744267
31.00000 0.14919266567233802068
31.10000 0.14886058590117839939
31.20000 0.15780634277234917295
31.30000 0.17395772270719081498
31.40000 0.19165917493285752893
31.50000 0.20288014438365151171
31.60000 0.20204508254800090938
31.70000 0.19004946262654043299
31.80000 0.17291758701551540600
31.90000 0.15742823961140528510
32.00000 0.14832004165221043812
32.10000 0.14799375484348356591
32.20000 0.15689146565200429162
32.30000 0.17295420029761784941
32.40000 0.19056019083450978502
32.50000 0.20172532305327273150
32.60000 0.20090444005867177935
32.70000 0.18898526259771816771
32.80000 0.17195627959331807877
32.90000 0.15655824848217500533
33.00000 0.14750442410571931728
33.10000 0.14718349054176821378
33.20000 0.15603622651936735477
33.30000 0.17201601563284629748
33.40000 0.18953265537188088152
33.50000 0.20064544779004464536
33.60000 0.19983767739350385972
33.70000 0.18798985712445928642
33.80000 0.17105700914505816979
33.90000 0.15574432249820061025
34.00000 0.14674130688207401296
34.10000 0.14642532866241500522
34.20000 0.15523592603426514258
34.30000 0.17113802930330068719
34.40000 0.18857096046459720373
34.50000 0.19963465123613513552
34.60000 0.19883902741739511999
34.70000 0.18705789138530759530
34.80000 0.17021495898477942421
34.90000 0.15498211764341346397
35.00000 0.14602662911221495068
35.10000 0.14571524519330703029
35.20000 0.15448632749219104454
35.30000 0.17031560679808932512
35.40000 0.18767004756945063204
35.50000 0.19868763919779250382
35.60000 0.19790328441599314147
35.70000 0.18618453005467403005
35.80000 0.16942577830492192015
35.90000 0.15426770901813194325
36.00000 0.14535672092112114639
36.10000 0.14504960286400478409
36.20000 0.15378360063677143366
36.30000 0.16954455731629283766
36.40000 0.18682534125603988961
36.50000 0.19779962158538177963
36.60000 0.19702573669179709870
36.70000 0.18536539515246833187
36.80000 0.16868552661378410917
36.90000 0.15359754098156527813
37.00000 0.14472825701405783727
37.10000 0.14442510532272340162
37.20000 0.15312427359148914063
37.30000 0.16882108140178644917
37.40000 0.18603269233665323257
37.50000 0.19696625325611263890
37.60000 0.19620210879202615306
37.70000 0.18459651274435875945
37.80000 0.16799062606157899591
37.90000 0.15296838435533371969
38.00000 0.14413821682263697199
38.10000 0.14383875777787427652
38.20000 0.15250519156047864788
38.30000 0.16814172593725074112
38.40000 0.18528832896867319935
38.50000 0.19618358312494957318
38.60000 0.19542851178381004384
38.70000 0.18387426704154932744
38.80000 0.16733782036549302297
38.90000 0.15237729953648068704
39.00000 0.14358385014303282068
39.10000 0.14328783305386330604
39.20000 0.15192348120052992511
39.30000 0.16750334530614896522
39.40000 0.18458881444209826461
39.50000 0.19544801021246230310
39.60000 0.19470140028525217968
39.70000 0.18319536071644326736
39.80000 0.16672413928117824078
39.90000 0.15182160457960505728
40.00000 0.14306264739407845155
40.10000 0.14276984220271579651
40.20000 0.15137651976666974263
40.30000 0.16690306774828669867
40.40000 0.18393101059856742374
40.50000 0.19475624553941792150
40.60000 0.19401753519402584192
40.70000 0.18255678046351597743
40.80000 0.16614686775695994281
40.90000 0.15129884747607075246
41.00000 0.14257231377883572421
41.10000 0.14228250896624419775
41.20000 0.15086190829355386467
41.30000 0.16633826610778104649
41.40000 0.18331204601514775043
41.50000 0.19410527897075902093
41.60000 0.19337395124176989802
41.70000 0.18195576700535889825
41.80000 0.16560351905845818732
41.90000 0.15080678199329800027
42.00000 0.14211074675827839453
42.10000 0.14182374750637008476
42.20000 0.15037744820326051642
42.30000 0.16580653231139511061
42.40000 0.18272928823631839901
42.50000 0.19349235026665434489
42.60000 0.19276792865272598942
42.70000 0.18138978888124887567
42.80000 0.16509181127332750449
42.90000 0.15034334654600470249
43.00000 0.14167601634665241694
43.10000 0.14139164292044234528
43.20000 0.14992112083373709819
43.30000 0.16530565502761726537
43.40000 0.18218031945900847735
43.50000 0.19291492372376398134
43.60000 0.19219696830661156528
43.70000 0.18085651946691191916
43.80000 0.16460964670471814331
43.90000 0.14990664565956113297
44.00000 0.14126634781988947620
44.10000 0.14098443413888614439
44.20000 0.14949106946627324644
44.30000 0.16483360004810923560
44.40000 0.18166291517412705425
44.50000 0.19237066589178644649
44.60000 0.19165876990461469531
44.70000 0.18035381676473452583
44.80000 0.16415509374259762421
44.90000 0.14949493365756058583
45.00000 0.14088010649518914463
45.10000 0.14060049886815284559
45.20000 0.14908558349901429585
45.30000 0.16438849300765331907
45.40000 0.18117502534858090368
45.50000 0.19185742593365140429
45.60000 0.19115121271819987547
45.70000 0.17987970557778756864
45.80000 0.16372637086798938477
45.90000 0.14910660026460492711
46.00000 0.14051578429452457608
46.10000 0.14023834029574641646
46.20000 0.14870308446977084649
46.30000 0.16396860411978908534
46.40000 0.18071475779780407644
46.50000 0.19137321826609909881
46.60000 0.19067233856680712578
46.70000 0.17943236174191434795
46.80000 0.16332183249938037051
46.90000 0.14874015786376015846
47.00000 0.14017198784978110448
47.10000 0.13989657531836333093
47.20000 0.14834211367770686052
47.30000 0.16357233465563461583
47.40000 0.18028036345325018641
47.50000 0.19091620717371493576
47.60000 0.19022033672528559922
47.70000 0.17901009814039470225
47.80000 0.16293995643529970985
47.90000 0.14839423018816158550
48.00000 0.13984742794441190616
48.10000 0.13957392409076802009
48.20000 0.14800132119177358825
48.30000 0.16319820493499012648
48.40000 0.17987022327434265545
48.50000 0.19048469313615559728
48.60000 0.18979353050724079299
48.70000 0.17861135226736024606
48.80000 0.16257933268418309214
48.90000 0.14806754225944387948
49.00000 0.13954091011732419614
49.10000 0.13926920072344195489
49.20000 0.14767945606557095206
49.30000 0.16284484363339782331
49.40000 0.17948283659180608307
49.50000 0.19007710064712268760
49.60000 0.18939036530823119553
49.70000 0.17823467514080593155
49.80000 0.16223865350354765846
49.90000 0.14775891141335248391
50.00000 0.13925132628040323701
50.10000 0.13898130498232036389
50.20000 0.14737535760482176062
50.30000 0.16251097823763260841
50.40000 0.17911681070050242126
50.50000 0.18969196733596646598
50.60000 0.18900939792424589769
50.70000 0.17787872139499982804
50.80000 0.16191670449631487272
50.90000 0.14746723927599006410
51.00000 0.13897764722257840986
51.10000 0.13870921486514772858
51.20000 0.14708794755582718650
51.30000 0.16219542650623844371
51.40000 0.17877085154606731088
51.50000 0.18932793422995622401
51.60000 0.18864928698727498335
51.70000 0.17754224040638488802
51.80000 0.16161235663378673011
51.90000 0.14719150457356988682
52.00000 0.13871891589135179612
52.10000 0.13845197994674665609
52.20000 0.14681622310190445280
52.30000 0.16189708881197592549
52.40000 0.17844375537157311506
52.50000 0.18898373701804338509
52.60000 0.18830878438204101677
52.70000 0.17722406832750381422
52.80000 0.16132455909303083930
52.90000 0.14693075667489821634
53.00000 0.13847424135793354183
53.10000 0.13820871540047996451
53.20000 0.14655925057051102933
53.30000 0.16161494126014269712
53.40000 0.17813440120900506103
53.50000 0.18865819819616733155
53.60000 0.18798672752665682162
53.70000 0.17692312092073433916
53.80000 0.16105233281181866034
53.90000 0.14668410977959575603
54.00000 0.13824279338495035208
54.10000 0.13797859661587866253
54.20000 0.14631615976704195892
54.30000 0.16134802949118418058
54.40000 0.17784174411600373045
54.50000 0.18835021999047329988
54.60000 0.18768203241588746200
54.70000 0.17663838709825119277
54.80000 0.16079476467734341028
54.90000 0.14645073767680175103
55.00000 0.13802379752659271750
55.10000 0.13776085434311680089
55.20000 0.14608613886253321579
55.30000 0.16109546308824559957
55.40000 0.17756480907160321348
55.50000 0.18805877796857797812
55.60000 0.18739368733914782417
55.70000 0.17636892308702822874
55.80000 0.16055100227600824225
55.90000 0.14622986900902920637
56.00000 0.13781653070031821273
56.10000 0.13755477030417381790
56.20000 0.14586842977210798256
56.30000 0.16085641052078317181
56.40000 0.17730268545606162056
56.50000 0.18778291526083137897
56.60000 0.18712074719686699886
56.70000 0.17611384714831412879
56.80000 0.16032024914106920987
56.90000 0.14602078298434648107
57.00000 0.13762031717714526269
57.10000 0.13735967321833728039
57.20000 0.14566232396917236369
57.30000 0.16063009456424889865
57.40000 0.17705452204953306405
57.50000 0.18752173732358826119
57.60000 0.18686232834867355646
57.70000 0.17587233479005306980
57.80000 0.16010176044300380993
57.90000 0.14582280548733048131
58.00000 0.13743452494431959710
58.10000 0.13717493519634105237
58.20000 0.14546715868737256083
58.30000 0.16041578814348539384
58.40000 0.17681952249260449173
58.50000 0.18727440718508139850
58.60000 0.18661760393526791169
58.70000 0.17564361441848194700
58.80000 0.15989483907440824040
58.90000 0.14563530554544654172
59.00000 0.13725856239994982388
59.10000 0.13699996846319498212
59.20000 0.14528231346833106463
59.30000 0.16021281055402739057
59.40000 0.17659694115886134802
59.50000 0.18704014112191902353
59.60000 0.18638579962305093507
59.70000 0.17542696338180596705
59.80000 0.15969883208719590217
59.90000 0.14545769211287604139
60.00000 0.13709187534417424659
60.10000 0.13683422237466733029
60.20000 0.14510720701835227997
60.30000 0.16002052402112612595
60.40000 0.17638607939573006100
60.50000 0.18681820472059285088
60.60000 0.18616618972685303190
60.70000 0.17522170436460879350
60.80000 0.15951312744502479934
60.90000 0.14528941113844331956
61.00000 0.13693394423575400154
61.10000 0.13667718069664017144
61.20000 0.14494129434175645477
61.30000 0.15983833056119606253
61.40000 0.17618628209517536720
61.50000 0.18660790928388062970
61.60000 0.18595809367144358615
61.70000 0.17502720209662017692
61.80000 0.15933715105831625092
61.90000 0.14512994288827016365
62.00000 0.13678428168669296006
62.10000 0.13652835912023966736
62.20000 0.14478406412234670619
62.30000 0.15966566911457480415
62.40000 0.17599693456037027173
62.50000 0.18640860854680832426
62.60000 0.18576087275718058955
62.70000 0.17484286034375984276
62.80000 0.15917036407308568502
62.90000 0.14497879949725914206
63.00000 0.13664243017070545894
63.10000 0.13638730298882598135
63.20000 0.14463503632787574893
63.30000 0.15950201292214502558
63.40000 0.17581745963843808944
63.50000 0.18621969567094756592
63.60000 0.18557392719920437485
63.70000 0.17466811915311575287
63.80000 0.15901226038814794683
63.90000 0.14483552272650973558
64.00000 0.13650795992416600577
64.10000 0.13625358521568203818
64.20000 0.14449376001527028390
64.30000 0.15934686712152953958
64.40000 0.17564731509281181210
64.50000 0.18604060048942125394
64.60000 0.18539669341307471462
64.70000 0.17450245232676395157
64.80000 0.15886236437816900202
64.90000 0.14469968190637844119
65.00000 0.13638046702060899196
65.10000 0.13612680437368676611
65.20000 0.14435981131691819068
65.30000 0.15919976654134870842
65.40000 0.17548599119176858108
65.50000 0.18587078697814993222
65.60000 0.18522864152283960437
65.70000 0.17434536510217688021
65.80000 0.15872022880258909727
65.90000 0.14457087204720406315
66.00000 0.13625957160197602058
66.10000 0.13600658294032344497
66.20000 0.14423279159052485032
66.30000 0.15906027367442068798
66.40000 0.17533300849230382124
66.50000 0.18570975093156660840
66.60000 0.18506927307019915840
66.70000 0.17419639201942846429
66.80000 0.15858543288263979298
66.90000 0.14444871210167553599
67.00000 0.13614491625166835753
67.10000 0.13589256568323707097
67.20000 0.14411232571698076588
67.30000 0.15892797681291420675
67.40000 0.17518791580082793136
67.50000 0.18555701782344447004
67.60000 0.18491811890573886523
67.70000 0.17405509495758442196
67.80000 0.15845758053063374593
67.90000 0.14433284336460214248
68.00000 0.13603616449608987859
68.10000 0.13578441817316827533
68.20000 0.14399806053237493297
68.30000 0.15880248833029383948
68.40000 0.17505028829415317237
68.50000 0.18541214083558268944
68.60000 0.18477473724531892629
68.70000 0.17392106132457740841
68.80000 0.15833629871742660455
68.90000 0.14422292799737215785
69.00000 0.13593299942281164561
69.10000 0.13568182541248993700
69.20000 0.14388966338178582616
69.30000 0.15868344309654239255
69.40000 0.17491972578604050859
69.50000 0.18527469903892632153
69.60000 0.18463871187646599403
69.70000 0.17379390238650979650
69.80000 0.15822123596541223800
69.90000 0.14411864766571499952
70.00000 0.13583512240472686572
70.10000 0.13558449056884275263
70.20000 0.14378682078377938436
70.30000 0.15857049701456202295
70.40000 0.17479585112610898645
70.50000 0.18514429571334620195
70.60000 0.18450965050123022126
70.70000 0.17367325172383726861
70.80000 0.15811206095577973185
70.90000 0.14401970228060956281
71.00000 0.13574225192069699908
71.10000 0.13549213380444166677
71.20000 0.14368923719570073083
71.30000 0.15846332566691045951
71.40000 0.17467830871927836345
71.50000 0.18502055679369941443
71.60000 0.18438718320336602852
71.70000 0.17355876380316229146
71.80000 0.15800846123989806258
71.90000 0.14392580883320002516
72.00000 0.13565412246415367581
72.10000 0.13540449119260630773
72.20000 0.14359663387087556741
72.30000 0.15836162306316123316
72.40000 0.17456676315515753939
72.50000 0.18490312943108969113
72.60000 0.18427096102894055529
72.70000 0.17345011265451501514
72.80000 0.15791014204572401125
72.90000 0.14383670031551237800
73.00000 0.13557048353199382951
73.10000 0.13532131371393149588
73.20000 0.14350874779972636053
73.30000 0.15826510047914854606
73.40000 0.17446089793783589594
73.50000 0.18479168065936155130
73.60000 0.18416065467056488836
73.70000 0.17334699064504033306
73.80000 0.15781682517107153974
73.90000 0.14375212471961545946
74.00000 0.13549109868687678193
74.10000 0.13524236632525624136
74.20000 0.14342533072760718649
74.30000 0.15817348538021813731
74.40000 0.17436041430748613901
74.50000 0.18468589615783115310
74.60000 0.18405595324643195254
74.70000 0.17324910734088194708
74.80000 0.15772824795635667638
74.90000 0.14367184410855918242
75.00000 0.13541574468670966591
75.10000 0.13516742709528126176
75.20000 0.14334614824289013124
75.30000 0.15808652042142054550
75.40000 0.17426503014606878339
75.50000 0.18458547910217673604
75.60000 0.18395656316618802517
75.70000 0.17315618844987856750
75.80000 0.15764416233017075619
75.90000 0.14359563375310185895
76.00000 0.13534421067570714947
76.10000 0.13509628640127879784
76.20000 0.14327097892943541080
76.30000 0.15800396251821904881
76.40000 0.17417447896011695185
76.50000 0.18449014909616312519
76.60000 0.18386220707646086514
76.70000 0.17306797483839800322
76.80000 0.15756433392168467389
76.90000 0.14352328132881111977
77.00000 0.13527629743196892265
77.10000 0.13502874618186924693
77.20000 0.14319961357817403980
77.30000 0.15792558198194892038
77.40000 0.17408850893431648821
77.50000 0.18439964117759385931
77.60000 0.18377262287953735620
77.70000 0.17298422161625739979
77.80000 0.15748854123442893038
77.90000 0.14345458616861755941
78.00000 0.13521181666697826285
78.10000 0.13496461924131561427
78.20000 0.14313185445299528298
78.30000 0.15785116171477028835
78.40000 0.17400688205013981058
78.50000 0.18431370489250184508
78.60000 0.18368756281928935725
78.70000 0.17290469728425952867
78.80000 0.15741657487653340497
78.90000 0.14338935856638948541
79.00000 0.13515059037286666910
79.10000 0.13490372860122440413
79.20000 0.14306751460661615294
79.30000 0.15778049645937808343
79.40000 0.17392937326435398138
79.50000 0.18423210343214649343
79.60000 0.18360679262902204756
79.70000 0.17282918293938923093
79.80000 0.15734823684296206370
79.90000 0.14332741912749438762
80.00000 0.13509245021367660700
80.10000 0.13484590689589884271
80.20000 0.14300641724248339126
80.30000 0.15771339209915011259
80.40000 0.17385576974269523198
80.50000 0.18415461282787859432
80.60000 0.18353009073637635562
80.70000 0.17275747153313680826
80.80000 0.15728333984565992520
80.90000 0.14326859816266432346
81.00000 0.13503723695718347630
81.10000 0.13479099580795739222
81.20000 0.14294839511912962871
81.30000 0.15764966500481883416
81.40000 0.17378587014443239167
81.50000 0.18408102119940764063
81.60000 0.18345724752088046761
81.70000 0.17268936717887220511
81.80000 0.15722170668794530068
81.90000 0.14321273512185481169
82.00000 0.13498479994416426320
82.10000 0.13473884554111190126
82.20000 0.14289328999371619933
82.30000 0.15758914142408317338
82.40000 0.17371948395389744113
82.50000 0.18401112805235605996
82.60000 0.18338806462011947307
82.70000 0.17262468450449894308
82.80000 0.15716316967974922059
82.90000 0.14315967806503124282
83.00000 0.13493499659226723675
83.10000 0.13468931432729641662
83.20000 0.14284095210181058100
83.30000 0.15753165691093734546
83.40000 0.17365643085547333158
83.50000 0.18394474362141766122
83.60000 0.18332235428087984008
83.70000 0.17256324804701964060
83.80000 0.15710757009066592116
83.90000 0.14310928316713925068
84.00000 0.13488769193188390738
84.10000 0.13464226796555747723
84.20000 0.14279123967065629475
84.30000 0.15747705579170656609
84.40000 0.17359654014873859840
84.50000 0.18388168825566686415
84.60000 0.18325993875188606452
84.70000 0.17250489168585272926
84.80000 0.15705475763797163702
84.90000 0.14306141425469268147
85.00000 0.13484275817166077593
85.10000 0.13459757939038360930
85.20000 0.14274401846350040501
85.30000 0.15742519066512891679
85.40000 0.17353965020086981053
85.50000 0.18382179184298433339
85.60000 0.18320064971511018648
85.70000 0.17244945811210532494
85.80000 0.15700459000708991142
85.90000 0.14301594237170225932
86.00000 0.13480007429148421760
86.10000 0.13455512826729745801
86.20000 0.14269916135267182722
86.30000 0.15737592193395169571
86.40000 0.17348560793353043352
86.50000 0.18376489327068568080
86.60000 0.18314432775282477039
86.70000 0.17239679833114604501
86.80000 0.15695693240211303077
86.90000 0.14297274537278606421
87.00000 0.13475952566093965523
87.10000 0.13451480061374804231
87.20000 0.14265654791936388524
87.30000 0.15732911736581095541
87.40000 0.17343426834180719620
87.50000 0.18371083991979911265
87.60000 0.18309082184785266390
87.70000 0.17234677119613850405
87.80000 0.15691165712426480283
87.90000 0.14293170754154876922
88.00000 0.13472100368144709903
88.10000 0.13447648844351212105
88.20000 0.14261606407820551223
88.30000 0.15728465168128272222
88.40000 0.17338549404289102518
88.50000 0.18365948719058769467
88.60000 0.18303998891465478316
88.70000 0.17229924297031720681
88.80000 0.15686864317631435406
88.90000 0.14289271923243856977
89.00000 0.13468440545039209177
89.10000 0.13444008943293883629
89.20000 0.14257760172488539996
89.30000 0.15724240616721490982
89.40000 0.17333915485242337717
89.50000 0.18361069805710764080
89.60000 0.18299169335908993528
89.70000 0.17225408691599841671
89.80000 0.15682777589112414929
89.90000 0.14285567653443087544
90.00000 0.13464963344572225545
90.10000 0.13440550660751141021
90.20000 0.14254105840521405502
90.30000 0.15720226831356662323
90.40000 0.17329512738658417459
90.50000 0.18356434264882257046
90.60000 0.18294580666486351395
90.70000 0.17221118290847733934
90.80000 0.15678894658266784301
90.90000 0.14282048095504212837
91.00000 0.13461659522958605018
91.10000 0.13437264804733559109
91.20000 0.14250633700415007987
91.30000 0.15716413147214114421
91.40000 0.17325329468814484879
91.50000 0.18352029785738210865
91.60000 0.18290220700484280392
91.70000 0.17217041707312299992
91.80000 0.15675205221799795585
91.90000 0.14278703912329696046
92.00000 0.13458520316974162401
92.10000 0.13434142661026257648
92.20000 0.14247334545345000101
92.30000 0.15712789453574074749
92.40000 0.17321354587488188570
92.50000 0.18347844696689294408
92.60000 0.18286077887555826638
92.70000 0.17213168144408438898
92.80000 0.15671699510872452721
92.90000 0.14275526251034947878
93.00000 0.13455537417751287088
93.10000 0.13431175967145531081
93.20000 0.14244199645665658882
93.30000 0.15709346163634385629
93.40000 0.17317577580882229094
93.50000 0.18343867930607429817
93.60000 0.18282141275331709185
93.70000 0.17209487364317066493
93.80000 0.15668368262071974417
93.90000 0.14272506716659441595
94.00000 0.13452702946119757255
94.10000 0.13428356887830336652
94.20000 0.14241220723029340833
94.30000 0.15706074186105165036
94.40000 0.17313988478494110601
94.50000 0.18340088992086170383
94.60000 0.18278400477052203499
94.70000 0.17205989657757406186
94.80000 0.15665202690083870896
94.90000 0.14269637347418143158
95.00000 0.13450009429392609239
95.10000 0.13425677991968551495
95.20000 0.14238389926020217358
95.30000 0.15702964898464813470
95.40000 0.17310577823805980979
95.50000 0.18336497926611819431
95.60000 0.18274845641084205838
95.70000 0.17202665815518014547
95.80000 0.15662194461952722024
95.90000 0.14266910591390216667
96.00000 0.13447449779498296674
96.10000 0.13423132230862144798
96.20000 0.14235699807200516420
96.30000 0.15700010121765445303
96.40000 0.17307336646671009350
96.50000 0.18333085291519221616
96.60000 0.18271467422203366282
96.70000 0.17199507101635533313
96.80000 0.15659335672831742325
96.90000 0.14264319284555451728
97.00000 0.13445017272376974526
97.10000 0.13420712917746741022
97.20000 0.14233143301482242826
97.30000 0.15697202096892165502
97.40000 0.17304256437292309112
97.50000 0.18329842128620446595
97.60000 0.18268256954527775648
97.70000 0.17196505228113101449
97.80000 0.15656618823122811501
97.90000 0.14261856630089170261
98.00000 0.13442705528556611605
98.10000 0.13418413708484056013
98.20000 0.14230713705735564822
98.30000 0.15694533462179607874
98.40000 0.17301329121688391321
98.50000 0.18326759938395886795
98.60000 0.18265205825995545208
98.70000 0.17193652331081010765
98.80000 0.15654036796920128838
98.90000 0.14259516178836942335
99.00000 0.13440508494835431974
99.10000 0.13416228583353628778
99.20000 0.14228404659558369083
99.30000 0.15691997232301888032
99.40000 0.17298547038553904742
99.50000 0.18323830655652903476
99.60000 0.18262306054292209989
99.70000 0.17190940948309793579
99.80000 0.15651582841675631963
99.90000 0.14257291810895736384
100.00000 0.13438420427001271373
