0.05000 0.50000000000000000000
0.10000 0.50149857918109230770
0.15000 0.51018621038234990284
0.20000 0.52477394470494942436
0.25000 0.54338775360182844931
0.30000 0.56354257019832798559
0.35000 0.58228328701188825089
0.40000 0.59654267633975954777
0.45000 0.60366970561673960471
0.50000 0.60197129505077817679
0.55000 0.59106449499463709074
0.60000 0.57190346751424836480
0.65000 0.54648980937359081800
0.70000 0.51740004831814956354
0.75000 0.48730198935760687950
0.80000 0.45858683254014670494
0.85000 0.43316645961752603400
0.90000 0.41241990400749667378
0.95000 0.39723794499347347964
1.00000 0.38810719173605834342
1.05000 0.38518421690636778232
1.10000 0.38832676637260715724
1.15000 0.39706837437956732373
1.20000 0.41054511785357372666
1.25000 0.42740985060099895287
1.30000 0.44579569109585515108
1.35000 0.46340203374301580652
1.40000 0.47775192390551052268
1.45000 0.48660048350460621824
1.50000 0.48838559202435777307
1.55000 0.48256109357396942405
1.60000 0.46968546947377692868
1.65000 0.45124303442796948049
1.70000 0.42928401950494787798
1.75000 0.40602104609570449645
1.80000 0.38349938561485180655
1.85000 0.36339865579461266831
1.90000 0.34696416492347958993
1.95000 0.33502944751971197590
2.00000 0.32808006719992849343
2.05000 0.32631439719204807792
2.10000 0.32967077523029358899
2.15000 0.33780720233600197711
2.20000 0.35003916229803661020
2.25000 0.36526402937558227757
2.30000 0.38192357159044476589
2.35000 0.39806732178188708460
2.40000 0.41156149446812045900
2.45000 0.42043211096213056743
2.50000 0.42325592929478833559
2.55000 0.41946470781206951495
2.60000 0.40944813204333113665
2.65000 0.39442414392458280403
2.70000 0.37614088914785437368
2.75000 0.35652620304477816715
2.80000 0.33739074678211777858
2.85000 0.32024203136666856695
2.90000 0.30621332188684380338
2.95000 0.29607623070816307953
3.00000 0.29029323465268058735
3.05000 0.28907008175586090815
3.10000 0.29237984209924916534
3.15000 0.29994529437493716584
3.20000 0.31118367691607118353
3.25000 0.32513824112563466384
3.30000 0.34044173019581691619
3.35000 0.35536759393301409204
3.40000 0.36801001176207942533
3.45000 0.37658557926759156365
3.50000 0.37978324696417925521
3.55000 0.37704433915747720407
3.60000 0.36866802782032204178
3.65000 0.35570861754650978659
3.70000 0.33971643312745358756
3.75000 0.32242397495758506887
3.80000 0.30547434281780383447
3.85000 0.29024701658466894871
3.90000 0.27778769933589886332
3.95000 0.26881561817608218279
4.00000 0.26376890889085402581
4.05000 0.26285133549559974719
4.10000 0.26605406611270909778
4.15000 0.27313981512809648589
4.20000 0.28359248752963278628
4.25000 0.29655408001927091588
4.30000 0.31078954488264542988
4.35000 0.32473043436336218592
4.40000 0.33663548699695877708
4.45000 0.34486333124759133151
4.50000 0.34819245842924423373
4.55000 0.34608175077254466068
4.60000 0.33877483650697448603
4.65000 0.32721421974622777462
4.70000 0.31280909856272259839
4.75000 0.29714843938623053399
4.80000 0.28174911495330295930
4.85000 0.26789180429224829227
4.90000 0.25655275109934416733
4.95000 0.24840791922047322782
5.00000 0.24387344813005976119
5.05000 0.24314823850281766515
5.10000 0.24623400394192795915
5.15000 0.25292068335719503080
5.20000 0.26273977809414322815
5.25000 0.27490543314486959314
5.30000 0.28828069659871635722
5.35000 0.30141598931682050955
5.40000 0.31269558521831181119
5.45000 0.32058870514756904191
5.50000 0.32394649459567353977
5.55000 0.32224672577404650520
5.60000 0.31569580476949438141
5.65000 0.30515437002396161859
5.70000 0.29192497053073979130
5.75000 0.27748583968069445715
5.80000 0.26325480144624896495
5.85000 0.25043375037048914988
5.90000 0.23994254699195360914
5.95000 0.23242115685122677338
6.00000 0.22826648093027299136
6.05000 0.22767178298901158406
6.10000 0.23064538824357491698
6.15000 0.23699707188891480647
6.20000 0.24629430794628895396
6.25000 0.25780672466999471348
6.30000 0.27047366042269843645
6.35000 0.28293886438882503986
6.40000 0.29368619548156688071
6.45000 0.30127386734795619239
6.50000 0.30461312868587309133
6.55000 0.30319988889699206469
6.60000 0.29721401885107745500
6.65000 0.28745324256647952765
6.70000 0.27513614763729798973
6.75000 0.26165244553143224282
6.80000 0.24833979334825137530
6.85000 0.23633557998483353813
6.90000 0.22651291955856733829
6.95000 0.21948142491541192123
7.00000 0.21562124938275339936
7.05000 0.21512001058594398817
7.10000 0.21799039609821913022
7.15000 0.22405733275051431530
7.20000 0.23291660449632867191
7.25000 0.24388209951986752899
7.30000 0.25595453969435594255
7.35000 0.26785330737762530484
7.40000 0.27814358987461784700
7.45000 0.28545704901336588222
7.50000 0.28875553361277322972
7.55000 0.28755171528431161532
7.60000 0.28200566326357651148
7.65000 0.27286500598808915985
7.70000 0.26128018792118568037
7.75000 0.24856822145639745347
7.80000 0.23600030252607892556
7.85000 0.22465987528181072252
7.90000 0.21538059487583707807
7.95000 0.20874613744860315290
8.00000 0.20512202277662203165
8.05000 0.20469049686759913098
8.10000 0.20746723375414208301
8.15000 0.21328914751489255752
8.20000 0.22177498378279814073
8.25000 0.23227492206215774595
8.30000 0.24384035938957818179
8.35000 0.25525346864460285445
8.40000 0.26514736122896881421
8.45000 0.27221554086761901026
8.50000 0.27546310360212095114
8.55000 0.27441799766898938850
8.60000 0.26922498722713367192
8.65000 0.26059071862438060174
8.70000 0.24960901823323497495
8.75000 0.23753592355998823238
8.80000 0.22558647176025325987
8.85000 0.21479821334732837612
8.90000 0.20597099082644912404
8.95000 0.19966604677164476178
9.00000 0.19623603368132117031
9.05000 0.19585819512224864059
9.10000 0.19855030580421750841
9.15000 0.20415902425222307026
9.20000 0.21232215934481227237
9.25000 0.22242029113531144868
9.30000 0.23354750084745889982
9.35000 0.24453908976206853443
9.40000 0.25408591686934550724
9.45000 0.26093440158966774156
9.50000 0.26412708049295813284
9.55000 0.26320576410303175852
9.60000 0.25830305354551613695
9.65000 0.25009134821120526659
9.70000 0.23961654851467636962
9.75000 0.22808268027842412695
9.80000 0.21665658832082346219
9.85000 0.20633622395409564887
9.90000 0.19789208641115260678
9.95000 0.19186580648834672402
10.00000 0.18859864429610354031
10.05000 0.18826322680660154130
10.10000 0.19087883593707333230
10.15000 0.19630022382375200696
10.20000 0.20418132234837657601
10.25000 0.21392861649223796072
10.30000 0.22467272577953209534
10.35000 0.23529459924818976746
10.40000 0.24453490681775993942
10.45000 0.25118595005741717330
10.50000 0.25432303595792205009
10.55000 0.25350055263223741919
10.60000 0.24884121506861153761
10.65000 0.24098830968054293922
10.70000 0.23094655123629684312
10.75000 0.21987498264834001716
10.80000 0.20889856167489770367
10.85000 0.19898066656387233819
10.90000 0.19086605724807428897
10.95000 0.18507905906761878967
11.00000 0.18195077765293418692
11.05000 0.18164959375295017252
11.10000 0.18419588598472413921
11.15000 0.18945124740043453593
11.20000 0.19708345348063185942
11.25000 0.20652137372463486020
11.30000 0.21692732185860788552
11.35000 0.22722196595624866156
11.40000 0.23618945877770144981
11.45000 0.24266232880006022299
11.50000 0.24574483670904148647
11.55000 0.24500280372663310602
11.60000 0.24055075861125740921
11.65000 0.23300688849154668758
11.70000 0.22334006993920529904
11.75000 0.21266999193558791537
11.80000 0.20208481374118189566
11.85000 0.19251742636974222833
11.90000 0.18468980360127598694
11.95000 0.17911087559342483977
12.00000 0.17610264000278796903
12.05000 0.17582957401810170306
12.10000 0.17831286154550243794
12.15000 0.18341996185237516293
12.20000 0.19083068646179154881
12.25000 0.19999347340470288725
12.30000 0.21009843427683874695
12.35000 0.22010116519917830025
12.40000 0.22882416219918275124
12.45000 0.23513555544285155707
12.50000 0.23816539587750809592
12.55000 0.23748992599806709181
12.60000 0.23321678944558985047
12.65000 0.22594227859869675523
12.70000 0.21660375593275163486
12.75000 0.20628614487070551231
12.80000 0.19604498105992043677
12.85000 0.18678604093248085682
12.90000 0.17921096593797061769
12.95000 0.17381489234120714449
13.00000 0.17091160142630515417
13.05000 0.17066197840530675234
13.10000 0.17308780114353969348
13.15000 0.17806162065438987940
13.20000 0.18527382369372599746
13.25000 0.19419012374922617337
13.30000 0.20402524228672613837
13.35000 0.21376576781693376605
13.40000 0.22226829947008316934
13.45000 0.22843273075531098093
13.50000 0.23141224835823018258
13.55000 0.23079262321830792959
13.60000 0.22667563094486201103
13.65000 0.21963827347652029043
13.70000 0.21058995276399236629
13.75000 0.20058462358628059707
13.80000 0.19064867198212379074
13.85000 0.18166358080279562670
13.90000 0.17431272308191445020
13.95000 0.16907879793231486709
14.00000 0.16626813576402152406
14.05000 0.16603831086046053067
14.10000 0.16841153905057418272
14.15000 0.17326483667428241309
14.20000 0.18029796598540845376
14.25000 0.18899202008365312278
14.30000 0.19858368356782798991
14.35000 0.20808725859200302710
14.40000 0.21638990188276666093
14.45000 0.22242004456539465895
14.50000 0.22535175719920894077
14.55000 0.22477955061480817123
14.60000 0.22080014195151154155
14.65000 0.21397339157042918889
14.70000 0.20518370203586033806
14.75000 0.19545724252797327947
14.80000 0.18579417586743404711
14.85000 0.17705407824700739039
14.90000 0.16990380894448886551
14.95000 0.16481479053500716625
15.00000 0.16208656463390300195
15.05000 0.16187364728144218451
15.10000 0.16419857540634102966
15.15000 0.16894231620084779188
15.20000 0.17581300837284630223
15.25000 0.18430553656493867121
15.30000 0.19367632331588380268
15.35000 0.20296461955340558414
15.40000 0.21108514014612644871
15.45000 0.21699211298172479956
15.50000 0.21987856368229974358
15.55000 0.21934704482341216281
15.60000 0.21548986963077088053
15.65000 0.20885155335326424653
15.70000 0.20029399650508827868
15.75000 0.19081828143253601326
15.80000 0.18140083936002385223
15.85000 0.17288138000960109886
15.90000 0.16591175485883535856
15.95000 0.16095311135906251176
16.00000 0.15829877892225319158
16.05000 0.15810044239769568963
16.10000 0.16038087118030971978
16.15000 0.16502455513956434952
16.20000 0.17174716745805571061
16.25000 0.18005603883071749638
16.30000 0.18922543831284413529
16.35000 0.19831720919403197922
16.40000 0.20627106090977376240
16.45000 0.21206466660546632874
16.50000 0.21490834058984420452
16.55000 0.21441205711237121267
16.60000 0.21066426201987231703
16.65000 0.20419564458917519034
16.70000 0.19584773176054373622
16.75000 0.18659883004709895693
16.80000 0.17740378063128323105
16.85000 0.16908418628439025877
16.90000 0.16227819414407471110
16.95000 0.15743754730029496658
17.00000 0.15484986832750768926
17.05000 0.15466421509064784412
17.10000 0.15690352153755446341
17.15000 0.16145543970096820630
17.20000 0.16804246011972137631
17.25000 0.17618320812245488738
17.30000 0.18516817597663740025
17.35000 0.19407977216820435085
17.40000 0.20188048979087777623
17.45000 0.20756941240429652162
17.50000 0.21037269221726953572
17.55000 0.20990717248033019526
17.60000 0.20625787680515461631
17.65000 0.19994296612113685030
17.70000 0.19178542482883598197
17.75000 0.18274278003047841890
17.80000 0.17375013902010782996
17.85000 0.16561252724908787082
17.90000 0.15895552426931749967
17.95000 0.15422223127483716820
18.00000 0.15169500957193760016
18.05000 0.15152047402734666881
18.10000 0.15372167066731656782
18.15000 0.15818910701655225504
18.20000 0.16465147448906047867
18.25000 0.17263769895323288761
18.30000 0.18145309073217355533
18.35000 0.19019886504782890224
18.40000 0.19785837652032225997
18.45000 0.20345034476719861538
18.50000 0.20621548801340142121
18.55000 0.20577702411065654231
18.60000 0.20221692774447633245
18.65000 0.19604194984275480351
18.70000 0.18805812048895076405
18.75000 0.17920392560259634784
18.80000 0.17039635946529776978
18.85000 0.16242520954062059091
18.90000 0.15590448593245034847
18.95000 0.15126931981790556203
19.00000 0.14879720623772874077
19.05000 0.14863248320264241253
19.10000 0.15079826799910558965
19.15000 0.15518766038712536459
19.20000 0.16153501828589075795
19.25000 0.16937870304679258915
19.30000 0.17803761740823531579
19.35000 0.18663024659820567908
19.40000 0.19415912363343090785
19.45000 0.19966104630357392469
19.50000 0.20239017678709936288
19.55000 0.20197566365527719334
19.60000 0.19849674875568010246
19.65000 0.19244974455715893602
19.70000 0.18462511465260719734
19.75000 0.17594382787291332204
19.80000 0.16730619046456510213
19.85000 0.15948793220313561836
19.90000 0.15309237557941782204
19.95000 0.14854727722936841849
20.00000 0.14612561787607103447
20.05000 0.14596960907979619759
20.10000 0.14810240747233863190
20.15000 0.15241947721286860928
20.20000 0.15866037608642735712
20.25000 0.16637214282020304501
20.30000 0.17488619616219491792
20.35000 0.18333693940354403584
20.40000 0.19074460054191402780
20.45000 0.19616267920235005984
20.50000 0.19885778596783379446
20.55000 0.19846460018694975225
20.60000 0.19505990082936378038
20.65000 0.18913041196926846932
20.70000 0.18145225151302615818
20.75000 0.17293021603249825180
20.80000 0.16444918413409370661
20.85000 0.15677187415337015541
20.90000 0.15049170442007331339
20.95000 0.14602958757312201055
21.00000 0.14365430507153140183
21.05000 0.14350607854179489586
21.10000 0.14560807891680066506
21.15000 0.14985793612402997788
21.20000 0.15599999759447566450
21.25000 0.16358931080512936762
21.30000 0.17196885930937524933
21.35000 0.18028776789765474375
21.40000 0.18758264446989789120
21.45000 0.19292246768049944872
21.50000 0.19558540861235129693
21.55000 0.19521131580387773852
21.60000 0.19187473771745275353
21.65000 0.18605355862127234690
21.70000 0.17851063109259804329
21.75000 0.17013577292402684571
21.80000 0.16179955607447785160
21.85000 0.15425261980505802772
21.90000 0.14807917788912172696
21.95000 0.14369377394450805197
22.00000 0.14136127341436391380
22.05000 0.14122003223002765893
22.10000 0.14329321593149380032
22.15000 0.14748044589510264646
22.20000 0.15353049639334429011
22.25000 0.16100583053313491377
22.30000 0.16926015138139635652
22.35000 0.17745624037564411424
22.40000 0.18464591324918741555
22.45000 0.18991253570055321998
22.50000 0.19254504363503757713
22.55000 0.19218812679796759557
22.60000 0.18891430458258487435
22.65000 0.18319328454460626077
22.70000 0.17577561523666695997
22.75000 0.16753720038213151811
22.80000 0.15933530733154865899
22.85000 0.15190933119646504723
22.90000 0.14583490884926406106
22.95000 0.14152064200186506571
23.00000 0.13922773575730493234
23.05000 0.13909279371297370020
23.10000 0.14113896052178429019
23.15000 0.14526769510292386611
23.20000 0.15123187593608936052
23.25000 0.15860085284666250449
23.30000 0.16673829339576273778
23.35000 0.17481968328976804639
23.40000 0.18191099639376498431
23.45000 0.18710900570714580904
23.50000 0.18971269580329305771
23.55000 0.18937129920420844864
23.60000 0.18615548198985296113
23.65000 0.18052736550305858998
23.70000 0.17322605391596587743
23.75000 0.16511449126172478286
23.80000 0.15703754012717191513
23.85000 0.14972410247951273288
23.90000 0.14374180381748430380
23.95000 0.13949368959518565481
24.00000 0.13723753622295867260
24.05000 0.13710829866518117748
24.10000 0.13912908851357755347
24.15000 0.14320306560029960607
24.20000 0.14908692426039496515
24.25000 0.15635642711424521667
24.30000 0.16438452867126379653
24.35000 0.17235856322317033573
24.40000 0.17935771845894263321
24.45000 0.18449129184853721442
24.50000 0.18706766945227981669
24.55000 0.18674035422385767968
24.60000 0.18357831318799902598
24.65000 0.17803660989500694201
24.70000 0.17084367638806016720
24.75000 0.16285035624582194780
24.80000 0.15488991879162872234
24.85000 0.14768145114284328412
24.90000 0.14178507899316258878
24.95000 0.13759864106227262526
25.00000 0.13537669567264606907
25.05000 0.13525264425471081320
25.10000 0.13724955580585451731
25.15000 0.14127216916814464009
25.20000 0.14708073563483062274
25.25000 0.15425700409506618027
25.30000 0.16218260537059905890
25.35000 0.17005595029904976845
25.40000 0.17696858740888432582
25.45000 0.18204153997659011655
25.50000 0.18459200851682600053
25.55000 0.18427751717731533088
25.60000 0.18116547005532659953
25.65000 0.17570434789425604105
25.70000 0.16861260726855722969
25.75000 0.16072976800451549417
25.80000 0.15287824085187967649
25.85000 0.14576791302333488853
25.90000 0.13995187486135599042
25.95000 0.13582307624377815136
26.00000 0.13363304949751922401
26.05000 0.13351372993795451727
26.10000 0.13548813654713429133
26.15000 0.13946247791113441927
26.20000 0.14520032884763964254
26.25000 0.15228903908644569887
26.30000 0.16011836324903833129
26.35000 0.16789708944712652960
26.40000 0.17472835363698893674
26.45000 0.17974417972791170706
26.50000 0.18227004837393726011
26.55000 0.18196727621971867106
26.60000 0.17890182516679931091
26.65000 0.17351602186655201709
26.70000 0.16651897832926962351
26.75000 0.15873959534345319367
26.80000 0.15099009263863996666
26.85000 0.14397171699076533047
26.90000 0.13823094650154568730
26.95000 0.13415613227237732641
27.00000 0.13199595637018310401
27.05000 0.13188096853829014976
27.10000 0.13383413201953964222
27.15000 0.13776302678846294447
27.20000 0.14343433989184156685
27.25000 0.15044067230424948423
27.30000 0.15817940069644428891
27.35000 0.16586905482151861890
27.40000 0.17262365434321877422
27.45000 0.17758556311886888879
27.50000 0.18008805404845684706
27.55000 0.17979602589640222843
27.60000 0.17677410594253928355
27.65000 0.17145885517132500309
27.70000 0.16455061443277893551
27.75000 0.15686830708477075835
27.80000 0.14921457042024463546
27.85000 0.14228252143096983828
27.90000 0.13661241264189824540
27.95000 0.13258826185451697000
28.00000 0.13045606210090512911
28.05000 0.13034505192287992870
28.10000 0.13227813446927624841
28.15000 0.13616417222033386225
28.20000 0.14177277250571193590
28.25000 0.14870146934916858572
28.30000 0.15635480427421202809
28.35000 0.16396046897016638977
28.40000 0.17064272441669103841
28.45000 0.17555367058699752891
28.50000 0.17803392578949717162
28.55000 0.17775177692305757504
28.60000 0.17477061290840426033
28.65000 0.16952158222584387537
28.70000 0.16269677744181559875
28.75000 0.15510573050750864343
28.80000 0.14754205282973595348
28.85000 0.14069119912444003062
28.90000 0.13508755073592942919
28.95000 0.13111103582530730938
29.00000 0.12900510669363099425
29.05000 0.12889775949605306038
29.10000 0.13081183404066856757
29.15000 0.13465739469846380039
29.20000 0.14020679412969275224
29.25000 0.14706220885823859112
29.30000 0.15463492734969649933
29.35000 0.16216127289799617262
29.40000 0.16877515961679537271
29.45000 0.17363787009997996846
29.50000 0.17609695768550623352
29.55000 0.17582391813308986817
29.60000 0.17288098848924604578
29.65000 0.16769422688327820237
29.70000 0.16094795587404459036
29.75000 0.15344285285946196451
29.80000 0.14596401380267445824
29.85000 0.13918966036216612325
29.90000 0.13364862841453686859
29.95000 0.12971698070775200540
30.00000 0.12763576556830980024
30.05000 0.12753180056606402970
30.10000 0.12942785982078902629
30.15000 0.13323513623046448484
30.20000 0.13872856782694573119
30.25000 0.14551470753380588152
30.30000 0.15301120763790482249
30.35000 0.16046253647801592135
30.40000 0.16701172123539501091
30.45000 0.17182871837704039031
30.50000 0.17426763839134248868
30.55000 0.17400301986784247332
30.60000 0.17109602596846310019
30.65000 0.16596791923363887755
30.70000 0.15929569095498935516
30.75000 0.15187165715506778518
30.80000 0.14447286777578846606
30.85000 0.13777070652305978271
30.90000 0.13228876392604463352
30.95000 0.12839944417596921289
31.00000 0.12634151802703305623
31.05000 0.12624068372961849693
31.10000 0.12811964809862672054
31.15000 0.13189066558377196547
31.20000 0.13733111291376098873
31.25000 0.14405167502077634301
31.30000 0.15147601582432232425
31.35000 0.15885630110724982544
31.40000 0.16534417392393427337
31.45000 0.17011779579592289924
31.50000 0.17253748555742998150
31.55000 0.17228067055037588062
31.60000 0.16940751062531753113
31.65000 0.16433474320090477039
31.70000 0.15773243185770688402
31.75000 0.15038498547799314387
31.80000 0.14306184077556283185
31.85000 0.13642790810579077942
31.90000 0.13100180985494894181
31.95000 0.12715248293302636173
32.00000 0.12511653761038463162
32.05000 0.12501860797063707453
32.10000 0.12688133250232108695
32.15000 0.13061796588390348073
32.20000 0.13600818868282024687
32.25000 0.14266659279976276475
32.30000 0.15002252920400185876
32.35000 0.15733544832521317858
32.40000 0.16376515023479923383
32.45000 0.16849756844551189161
32.50000 0.17089890743051472377
32.55000 0.17064934002560469550
32.60000 0.16780808683967077255
32.65000 0.16278760900402119982
32.70000 0.15625141451704746554
32.75000 0.14897642450844753026
32.80000 0.14172486243423729202
32.85000 0.13515550253402894287
32.90000 0.12978225566889980969
32.95000 0.12597076872298393346
33.00000 0.12395560016820283966
33.05000 0.12386037133531224708
33.10000 0.12570765184959678540
33.15000 0.12941164031603399898
33.20000 0.13475419683281214533
33.25000 0.14135361253986941654
33.30000 0.14864462559725069579
33.35000 0.15589358948329540278
33.40000 0.16226803683136470369
33.45000 0.16696127220614676023
33.50000 0.16934508651281277025
33.55000 0.16910226463957711562
33.60000 0.16629114629637253842
33.65000 0.16132014582954576354
33.70000 0.15484655961522314493
33.75000 0.14764020913074479835
33.80000 0.14045647503635744213
33.85000 0.13394830805797386386
33.90000 0.12862514559676249681
33.95000 0.12484950911261592787
34.00000 0.12285400636152504772
34.05000 0.12276129392909822247
34.10000 0.12459387243497821451
34.15000 0.12826683258477042382
34.20000 0.13356409915162961721
34.25000 0.14010747032356687947
34.30000 0.14733679380863817787
34.35000 0.15452497259481479119
34.40000 0.16084687838925243453
34.45000 0.16550281482123721521
34.50000 0.16786988124491095120
34.55000 0.16763335008912425006
34.60000 0.16485073344448492039
34.65000 0.15992661103959537883
34.70000 0.15351238625749247246
34.75000 0.14637114084317279228
34.80000 0.13925175651262633458
34.85000 0.13280165084179818002
34.90000 0.12752600906896621735
34.95000 0.12378438037826337836
35.00000 0.12180751599486173975
35.05000 0.12171715265699140085
35.10000 0.12353572215699777648
35.15000 0.12717915948018612693
35.20000 0.13243334771511572345
35.25000 0.13892341389788964712
35.30000 0.14609405766697863838
35.35000 0.15322440329359729438
35.40000 0.15949629603025447522
35.45000 0.16411669275343818142
35.50000 0.16646774250560428254
35.55000 0.16623708888591692823
35.60000 0.16348146515251979483
35.65000 0.15860181298898257118
35.70000 0.15224393856600296204
35.75000 0.14516451835903509959
35.80000 0.13810625492413888815
35.85000 0.13171130291710550497
35.90000 0.12648080151246601788
35.95000 0.12277147037270512431
36.00000 0.12081229210396991769
36.05000 0.12072412564949469571
36.10000 0.12252933441281409210
36.15000 0.12614465343299408051
36.20000 0.13135782541492257991
36.25000 0.13779714067884590856
36.30000 0.14491191127932179228
36.35000 0.15198717744553094655
36.40000 0.15821141776336289375
36.45000 0.16279792026024678120
36.50000 0.16513364236235456017
36.55000 0.16490848990819614861
36.60000 0.16217846210963915432
36.65000 0.15734104510678736943
36.70000 0.15103672296967796118
36.75000 0.14401607830490767426
36.80000 0.13701593246606097454
36.85000 0.13067342914082527572
36.90000 0.12548585372830783902
36.95000 0.12180722966587785583
37.00000 0.11986485313293203381
37.05000 0.11977874472152415242
37.10000 0.12157120009509418679
37.15000 0.12515971335753026117
37.20000 0.13033379505802947240
37.25000 0.13672474468142772897
37.30000 0.14378626359531662682
37.35000 0.15080902343758070816
37.40000 0.15698781890033861042
37.45000 0.16154196862380149069
37.50000 0.16386301300536504355
37.55000 0.16364301800419508992
37.60000 0.16093728999780559930
37.65000 0.15614002935147650031
37.70000 0.14988665439748388719
37.75000 0.14292194432624991118
37.80000 0.13597711739967274780
37.85000 0.12968454165432330427
37.90000 0.12453782842053855162
37.95000 0.12088842958103905578
38.00000 0.11896203185413861680
38.05000 0.11887785452844605583
38.10000 0.12065812634503002287
38.15000 0.12422106240686998924
38.20000 0.12935785561652216047
38.25000 0.13570267089670878802
38.30000 0.14271339074150893311
38.35000 0.14968605254516667569
38.40000 0.15582147079999092432
38.45000 0.16034471386200352394
38.50000 0.16265169419029570919
38.55000 0.16243654199676813010
38.60000 0.15975390883319520730
38.65000 0.15499486750552168846
38.70000 0.14879000992020308125
38.75000 0.14187858322847993198
38.80000 0.13498646262069646795
38.85000 0.12874146062266900170
38.90000 0.12363368271357322303
38.95000 0.12001212600618220427
39.00000 0.11810093993675636892
39.05000 0.11801857733320991750
39.10000 0.11978720096685123442
39.15000 0.12332571152117395574
39.20000 0.12842690447129453957
39.25000 0.13472767591294035339
39.30000 0.14168989487176303355
39.35000 0.14861471607597695477
39.40000 0.15470869660076003171
39.45000 0.15920239155805585018
39.50000 0.16149588782451473890
39.55000 0.16128528974357345116
39.60000 0.15862462917051592393
39.65000 0.15390199905788110035
39.70000 0.14774338865327094061
39.75000 0.14088276703345722907
39.80000 0.13404090980871666283
39.85000 0.12784128025661636863
39.90000 0.12277063570787762059
39.95000 0.11917562806524785446
40.00000 0.11727893726911557681
40.05000 0.11719828249669352049
40.10000 0.11895576160874006544
40.15000 0.12247092785415238103
40.20000 0.12753810470374160602
40.25000 0.13379679379624739854
40.30000 0.14071266850765432044
40.35000 0.14759176822438554999
40.40000 0.15364613284394568193
40.45000 0.15811155769197121623
40.50000 0.16039211857824292595
40.55000 0.16018580914972058160
40.60000 0.15754607409898177539
40.65000 0.15285816464761431410
40.70000 0.14674367694629902870
40.75000 0.13993154003201949132
40.80000 0.13313765829135171259
40.85000 0.12698133929817459475
40.90000 0.12194614029351596995
40.95000 0.11837647089703355607
41.00000 0.11649360529993867119
41.05000 0.11641455996154409513
41.10000 0.11816136897437667930
41.15000 0.12165420732527605641
41.20000 0.12668885665758705672
41.25000 0.13290730642126372119
41.30000 0.13977886352462978725
41.35000 0.14661423375940504932
41.40000 0.15263069608405968602
41.45000 0.15706905455477959688
41.50000 0.15933719959921949227
41.55000 0.15913493422401200905
41.60000 0.15651514614700362538
41.65000 0.15186037422211653980
41.70000 0.14578801805568944450
41.75000 0.13902219007414645668
41.80000 0.13227413790830094831
41.85000 0.12615919529370081542
41.90000 0.12115785857728618435
41.95000 0.11761239192079497862
42.00000 0.11574272379135390476
42.05000 0.11566519712678069443
42.10000 0.11740178345727003695
42.15000 0.12087325067607170015
42.20000 0.12587677312799591678
42.25000 0.13205671758243475722
42.30000 0.13888586408595568478
42.35000 0.14567937982083836723
42.40000 0.15165955373889059010
42.45000 0.15607198098476846027
42.50000 0.15832820256824273186
42.55000 0.15812975542624693737
42.60000 0.15552899836430969516
42.65000 0.15090587920863615667
42.70000 0.14487378563437036672
42.75000 0.13815222346804989506
42.80000 0.13144798528252821246
42.85000 0.12537260209383249698
42.90000 0.12040364038901646415
42.95000 0.11688131007334123801
43.00000 0.11502425047997598406
43.05000 0.11494815861294101211
43.10000 0.11667494469333979101
43.15000 0.12012594251440644744
43.20000 0.12509965764420044598
43.25000 0.13124273033017289092
43.30000 0.13803126294467313318
43.35000 0.14478469122098727717
43.40000 0.15073009855813140900
43.45000 0.15511766629341552926
43.50000 0.15736243146141171145
43.55000 0.15716759367962060412
43.60000 0.15458500897301649668
43.65000 0.14999214811535169223
43.70000 0.14399856048421219579
43.75000 0.13731934296464262668
43.80000 0.13065702300486783938
43.85000 0.12461949011314987779
43.90000 0.11968150442170506775
43.95000 0.11618130758823887183
44.00000 0.11433630322617961694
44.05000 0.11426156850076089888
44.10000 0.11597895361106369538
44.15000 0.11941033291636697633
44.20000 0.12435548540042286325
44.25000 0.13046322706817370385
44.30000 0.13721284062977817664
44.35000 0.14392784874894196112
44.40000 0.14983992619202871066
44.45000 0.15420364735299393888
44.50000 0.15643739948937104844
44.55000 0.15624597752524230221
44.60000 0.15368075907912973066
44.65000 0.14911684507403255573
44.70000 0.14316011010751167332
44.75000 0.13652142838950409587
44.80000 0.12989924131903371474
44.85000 0.12389794895873074143
44.90000 0.11898962163283675897
44.95000 0.11551061395774236962
45.00000 0.11367714430007629101
45.05000 0.11360369469422811062
45.10000 0.11531205662691569602
45.15000 0.11872462122528042172
45.20000 0.12364238646217001749
45.25000 0.12971625202342720873
45.30000 0.13642854711125082523
45.35000 0.14310671005590816507
45.40000 0.14898681542535105460
45.45000 0.15332764840307794296
45.50000 0.15555080876926027922
45.55000 0.15536262297997818771
45.60000 0.15281401301770577983
45.65000 0.14827781091465816465
45.70000 0.14235637066826492547
45.75000 0.13575651955458090114
45.80000 0.12917278196007878077
45.85000 0.12320621209921399364
45.90000 0.11832630059369987630
45.95000 0.11486759177539067334
46.00000 0.11304516650873901173
46.05000 0.11297293511448351644
46.10000 0.11467263168989083599
46.15000 0.11806714174474176871
46.20000 0.12295863093423037293
46.25000 0.12899999576212894947
46.30000 0.13567648560284981119
46.35000 0.14231929276680987950
46.40000 0.14816871071077217237
46.45000 0.15248756320317732871
46.50000 0.15470053235520794810
46.55000 0.15451541572799573632
46.60000 0.15198270097207700058
46.65000 0.14747304642675104769
46.70000 0.14158543103506629479
46.75000 0.13502280113953496476
46.80000 0.12847592385370604218
46.85000 0.12254264329738523420
46.90000 0.11768997452250694324
46.95000 0.11425072420440551824
47.00000 0.11243888091533561779
47.05000 0.11236780547682211073
47.10000 0.11405917592509323688
47.15000 0.11743635106974570359
47.20000 0.12230261582553131339
47.25000 0.12831278147551908320
47.30000 0.13495489821458486746
47.35000 0.14156375951846730810
47.40000 0.14738370669247541356
47.45000 0.15168143921641863425
47.50000 0.15388459831105424924
47.55000 0.15370239533346394256
47.60000 0.15118490356299393862
47.65000 0.14670069751534189906
47.70000 0.14084551862793101562
47.75000 0.13431858928027604061
47.80000 0.12780707042872305190
47.85000 0.12190572457175512244
47.90000 0.11707918977758464962
47.95000 0.11365860385603711313
48.00000 0.11185690593897483491
48.05000 0.11178692844091119019
48.10000 0.11347029466453285862
48.15000 0.11683081683905906234
48.20000 0.12167285338639639847
48.25000 0.12765305280172320468
48.30000 0.13426215321062792696
48.35000 0.14083840467022243348
48.40000 0.14663003445776065514
48.45000 0.15090746355700365711
48.50000 0.15310117555690030966
48.55000 0.15292174120912946367
48.60000 0.15041883814948642240
48.65000 0.14595904200356504821
48.70000 0.14013498683319941529
48.75000 0.13364231964173298173
48.80000 0.12716473833219013589
48.85000 0.12129404548783954965
48.90000 0.11649259562048049077
48.95000 0.11308992289437581891
49.00000 0.11129795765572170207
49.05000 0.11122902395579102597
49.10000 0.11290469168500777419
49.15000 0.11624920772441876826
49.20000 0.12106796072729082703
49.25000 0.12701936298460361763
49.30000 0.13359673366486751744
49.35000 0.14014164247076268954
49.40000 0.14590604929346845386
49.45000 0.15016395047392064321
49.50000 0.15234856126096665840
49.55000 0.15217176011485822329
49.60000 0.14968284662149278219
49.65000 0.14524647787056230164
49.70000 0.13945230378552611605
49.75000 0.13299253678482572671
49.80000 0.12654754736784432079
49.85000 0.12070629360921698858
49.90000 0.11592893508684015691
49.95000 0.11254346421114425070
50.00000 0.11076084114762861643
50.05000 0.11069290064741627022
50.10000 0.11236116049937094896
50.15000 0.11569028449918689061
50.20000 0.12048665055612818586
50.25000 0.12641036519977119634
50.30000 0.13295722733671241911
50.35000 0.13947199649649830167
50.40000 0.14521021975661832504
50.45000 0.14944933017655104290
50.50000 0.15162516958149943602
50.55000 0.15145087499308021450
50.60000 0.14897538449626601675
50.65000 0.14456151274404208107
50.70000 0.13879604234508707838
50.75000 0.13236788466510765461
50.80000 0.12595421150432642432
50.85000 0.12014124596298365877
50.90000 0.11538703682630284397
50.95000 0.11201809353655749202
51.00000 0.11024444276871241122
51.05000 0.11017744811844439046
51.10000 0.11183857656961666838
51.15000 0.11515289205172891951
51.20000 0.11992772289462917679
51.25000 0.12582480390230640910
51.30000 0.13234231761521253468
51.35000 0.13882809020333147787
51.40000 0.14454111789597282045
51.45000 0.14876213883563499385
51.50000 0.15092952159137854040
51.55000 0.15075761497561832036
51.60000 0.14829501115734050609
51.65000 0.14390275449254782969
51.70000 0.13816487112256647940
51.75000 0.13176709812362719099
51.80000 0.12538353082151040829
51.85000 0.11959776139483520307
51.90000 0.11486580779232058447
51.95000 0.11151275237128420448
52.00000 0.10974772321533930730
52.05000 0.10968163004838733798
52.10000 0.11133589032880582270
52.15000 0.11463595222780881278
52.20000 0.11939005765390409142
52.25000 0.12526150707123609451
52.30000 0.13175077540095495032
52.35000 0.13820863845589351215
52.40000 0.14389741048416723745
52.45000 0.14810100961642763684
52.50000 0.15026023624154652425
52.55000 0.15009060641958479887
52.60000 0.14764038109741253746
52.65000 0.14326890278414056157
52.70000 0.13755754642507136976
52.75000 0.13118899525000865536
52.80000 0.12483438428158659395
52.85000 0.11907477370637704894
52.90000 0.11436422667937812259
52.95000 0.11102645164053560889
53.00000 0.10926971130411465560
53.05000 0.10920447799776554498
53.10000 0.11085212091451517036
53.15000 0.11413845740232768378
53.20000 0.11887260796602962254
53.25000 0.12471937924311150836
53.30000 0.13118145181325285842
53.35000 0.13761243991712004964
53.40000 0.14327785113943122819
53.45000 0.14746466462061172398
53.50000 0.14961602223917538912
53.55000 0.14944856484957325105
53.60000 0.14701023604551660684
53.65000 0.14265874149648799518
53.70000 0.13697290501349421166
53.75000 0.13063247051416729261
53.80000 0.12430572322704219745
53.85000 0.11857128548192814865
53.90000 0.11388133801907118769
53.95000 0.11055826598479638612
54.00000 0.10880949837358683263
54.05000 0.10874508583305014797
54.10000 0.11038635052975415141
54.15000 0.11365946469429634436
54.20000 0.11837439418242766409
54.25000 0.12419739524166079070
54.30000 0.13063327162541479853
54.35000 0.13703837019691586518
54.40000 0.14268127323232421277
54.45000 0.14685190763026209626
54.50000 0.14899567073328459643
54.55000 0.14883028769997355689
54.60000 0.14640339787502229529
54.65000 0.14207113187884659600
54.70000 0.13640985757658879995
54.75000 0.13009648857701347491
54.80000 0.12379656552083802279
54.85000 0.11808636252454192406
54.90000 0.11341624685839253595
54.95000 0.11010732861317761022
55.00000 0.10836623323727646862
55.05000 0.10830260470029461073
55.10000 0.10993771935852830746
55.15000 0.11319809075044180713
55.20000 0.11789449846176110193
55.25000 0.12369459452289578716
55.30000 0.13010522734383564436
55.35000 0.13648537567214033550
55.40000 0.14210658348680069163
55.45000 0.14626161756130587333
55.50000 0.14839804871474882031
55.55000 0.14823464776530856368
55.60000 0.14581876220267478428
55.65000 0.14150500637957993955
55.70000 0.13586738283952901063
55.75000 0.12958007870232043923
55.80000 0.12330599025523941714
55.85000 0.11761912883153745335
55.90000 0.11296811395366024300
55.95000 0.10967282665511217388
56.00000 0.10793911762508527630
56.05000 0.10787623848485168587
56.10000 0.10950542097279843123
56.15000 0.11275350703264519492
56.20000 0.11743205988021522546
56.25000 0.12321007606564064740
56.30000 0.12959637385770841900
56.35000 0.13595246790165657624
56.40000 0.14155275619681775834
56.45000 0.14569274254605310559
56.50000 0.14782209304979343489
56.55000 0.14766058727850114862
56.60000 0.14525529260060704440
56.65000 0.14095936306411332994
56.70000 0.13534452223542783877
56.75000 0.12908232970205199552
56.80000 0.12283313296531478409
56.85000 0.11716876204887817503
56.90000 0.11253615142214633271
56.95000 0.10925399695443320514
57.00000 0.10752740205828030529
57.05000 0.10746523970266586012
57.10000 0.10908869817576495598
57.15000 0.11232493555277588138
57.20000 0.11698627000568499745
57.25000 0.12274299374646829852
57.30000 0.12910582359557390419
57.35000 0.13543871856998551673
57.40000 0.14101882798980405753
57.45000 0.14514429457468591700
57.50000 0.14726680507646197626
57.55000 0.14710711254724959107
57.60000 0.14471201535323147125
57.65000 0.14043326055780466777
57.70000 0.13484037507741322703
57.75000 0.12860238535607648735
57.80000 0.12237718129126495814
57.85000 0.11673448935146346628
57.90000 0.11211961880084990451
57.95000 0.10885012225699848554
58.00000 0.10713038211021409796
58.05000 0.10706890577554441235
58.10000 0.10868683923338962050
58.15000 0.11191164500565191353
58.20000 0.11655636888481540892
58.25000 0.12229255214577100519
58.30000 0.12863274213301131854
58.35000 0.13494325490152545011
58.40000 0.14050389307699917563
58.45000 0.14461534463444880583
58.50000 0.14673124570242171427
58.55000 0.14657328908748820662
58.60000 0.14418801469950984218
58.65000 0.13992581345646926128
58.70000 0.13435409417671054233
58.75000 0.12813944025461490583
58.80000 0.12193737104075502709
58.85000 0.11631558370303003713
58.90000 0.11171781946817944953
58.95000 0.10846052774913721162
59.00000 0.10674739501093194471
59.05000 0.10668657564877677413
59.10000 0.10829917445208049609
59.15000 0.11151294725700024169
59.20000 0.11614164139820350174
59.25000 0.12185800273832954332
59.30000 0.12817634420270751505
59.35000 0.13446525549452081894
59.40000 0.14000709893814111684
59.45000 0.14410501829289956710
59.50000 0.14621453095012815204
59.55000 0.14605823720045948977
59.60000 0.14368242850844076264
59.65000 0.13943618815436312208
59.70000 0.13388488185890395910
59.75000 0.12769273601813238561
59.80000 0.12151298260842906263
59.85000 0.11591136045505945340
59.90000 0.11133009738975406522
59.95000 0.10808457790943830357
60.00000 0.10637781655895152400
60.05000 0.10631762671457516134
60.10000 0.10792507306563109415
60.15000 0.11112819414859072265
60.20000 0.11574141394455451926
60.25000 0.12143864042745998455
60.30000 0.12773589006411253943
60.35000 0.13400394653017363988
60.40000 0.13952764239438256166
60.45000 0.14361249167812559224
60.50000 0.14571582790196105361
60.55000 0.14556112794646688946
60.60000 0.14319444434197989291
60.65000 0.13896359904554281273
60.70000 0.13343198633637767814
60.75000 0.12726155785489931538
60.80000 0.12110333771500002287
60.85000 0.11552117424902380582
60.90000 0.11095583415424754847
60.95000 0.10772167364096091324
61.00000 0.10602105830795587049
61.05000 0.10596147200923222709
61.10000 0.10756394039896964576
61.15000 0.11075677458729060731
61.20000 0.11535505141932744788
61.25000 0.12103380038676538055
61.30000 0.12731068219506139205
61.35000 0.13355859831768615575
61.40000 0.13906476602889231153
61.45000 0.14313698781450037711
61.50000 0.14523435100363257799
61.55000 0.14508117947399293279
61.60000 0.14272329586508927801
61.65000 0.13850730505980721197
61.70000 0.13299469839995914366
61.75000 0.12684523142119422112
61.80000 0.12070779643279057336
61.85000 0.11514441619055089394
61.90000 0.11059444626925017674
61.95000 0.10737124965485662920
62.00000 0.10567656499998299979
62.05000 0.10561755765572140853
62.10000 0.10721521528013373825
62.15000 0.11039811188873283054
62.20000 0.11498195445749216648
62.25000 0.12064285517778426671
62.30000 0.12690006227219666202
62.35000 0.13312852214065623579
62.40000 0.13861775491938965743
62.45000 0.14267777327746275495
62.50000 0.14476935868910273397
62.55000 0.14461765366775045094
62.60000 0.14226825956736280365
62.65000 0.13806660649898552795
62.70000 0.13257234839713757935
62.75000 0.12644311995324389319
62.80000 0.12032575446849691492
62.85000 0.11478051126778331115
62.90000 0.11024538269065503604
62.95000 0.10703277207979951247
63.00000 0.10534381222001731881
63.05000 0.10528536052676867874
63.10000 0.10687836767523835324
63.15000 0.11005166134973365377
63.20000 0.11462155691358039133
63.25000 0.12026521211553747870
63.30000 0.12650340841090612631
63.35000 0.13271306737429106049
63.40000 0.13818593365102713189
63.45000 0.14223415513504464314
63.50000 0.14432015029451908394
63.55000 0.14416985308348420625
63.60000 0.14182865176481582181
63.65000 0.13764084214331906431
63.70000 0.13216430346801774642
63.75000 0.12605462164357630894
63.80000 0.11995664067733098623
63.85000 0.11442891598941533349
63.90000 0.10990812256214081699
63.95000 0.10670573627458464216
64.00000 0.10502230424979948353
64.05000 0.10496438610631042554
64.10000 0.10655289652410389334
64.15000 0.10971690802656498820
64.20000 0.11427332355530084307
64.25000 0.11990031085720032067
64.30000 0.12612013263885860082
64.35000 0.13231161884641604032
64.40000 0.13776866358167619286
64.45000 0.14180547814758717728
64.50000 0.14388606323241087681
64.55000 0.14373711814100464945
64.60000 0.14140382585401276017
64.65000 0.13722938660114147869
64.70000 0.13176996501346202595
64.75000 0.12567916723758038033
64.80000 0.11959991478564363510
64.85000 0.11408911622067975655
64.90000 0.10958217314397998565
64.95000 0.10638966482382374024
65.00000 0.10471157210118707537
65.05000 0.10465416652977149736
65.10000 0.10623832775676916862
65.15000 0.10939336469879971936
65.20000 0.11393674794968385033
65.25000 0.11954762119193827752
65.30000 0.12574967858016214417
65.35000 0.13192359441831733036
65.40000 0.13736534033482775130
65.45000 0.14139112220031754830
65.50000 0.14346647040064092193
65.55000 0.14331882455017747047
65.60000 0.14099316979384587945
65.65000 0.13683164787807772234
65.70000 0.13138876637274984893
65.75000 0.12531621782878973881
65.80000 0.11925506530170509878
65.85000 0.11376062519800529682
65.90000 0.10926706791274842789
65.95000 0.10608410569892405551
66.00000 0.10441117171160217703
66.05000 0.10435425878577163361
66.10000 0.10593421247330454815
66.15000 0.10908057000070477127
66.20000 0.11361135052306804705
66.25000 0.11920664101239025756
66.30000 0.12539151932972478209
66.35000 0.13154844276412142046
66.40000 0.13697539149807394510
66.45000 0.14099049994626372539
66.50000 0.14306077780342807415
66.55000 0.14291438094738653786
66.60000 0.14059610379302978078
66.65000 0.13644706514462284774
66.70000 0.13102017069059615495
66.75000 0.12496526283378733835
66.80000 0.11892160759656920932
66.85000 0.11344298170518857249
66.90000 0.10896236481553485398
66.95000 0.10578863056850411339
67.00000 0.10412068228603620079
67.05000 0.10406424306380558653
67.10000 0.10564012527129802710
67.15000 0.10877808670415500814
67.20000 0.11329667677831041506
67.25000 0.11887689445044891112
67.30000 0.12504515549966208066
67.35000 0.13118564132977569847
67.40000 0.13659827450758074696
67.45000 0.14060305463947672666
67.50000 0.14266842236425911206
67.55000 0.14252322672245010260
67.60000 0.14021207818375305831
67.65000 0.13607510668326783243
67.70000 0.13066366895556599803
67.75000 0.12462581812970285888
67.80000 0.11859908213890905937
67.85000 0.11313574839579604303
67.90000 0.10866764466403773526
67.95000 0.10550283324411520447
68.00000 0.10383970477176339420
68.05000 0.10378372123411254424
68.10000 0.10535566270708053571
68.15000 0.10848550013877526765
68.20000 0.11299229565439465606
68.25000 0.11855793016185171840
68.30000 0.12471011342154580959
68.35000 0.13083469445472292736
68.40000 0.13623347470105889867
68.45000 0.14022825814068676231
68.50000 0.14228886991269248941
68.55000 0.14214483001815320096
68.60000 0.13984057146407022354
68.65000 0.13571526799838315447
68.70000 0.13031877819387613360
68.75000 0.12429742433913219812
68.80000 0.11828705286946844533
68.85000 0.11283851024816628217
68.90000 0.10838250965551900207
68.95000 0.10522632824867367285
69.00000 0.10356786045340943270
69.05000 0.10351231544742921231
69.10000 0.10508044187824183702
69.15000 0.10820241673655060788
69.20000 0.11269779801520544982
69.25000 0.11824931974576452509
69.30000 0.12438594349003233297
69.35000 0.13049513164118556330
69.40000 0.13588050352361832895
69.45000 0.13986560907941705811
69.50000 0.14192161332895350534
69.55000 0.14177868588642578151
69.60000 0.13948108849344376114
69.65000 0.13536707007383502743
69.70000 0.12998503980424686022
69.75000 0.12397964524888344107
69.80000 0.11798510570226243555
69.85000 0.11255087314080274019
69.90000 0.10810658200894313064
69.95000 0.10495874949632227890
70.00000 0.10330478965732377283
70.05000 0.10324966684363216796
70.10000 0.10481409911632127985
70.15000 0.10792846268949694843
70.20000 0.11241279525563911690
70.25000 0.11795065628700251992
70.30000 0.12407221863493843317
70.35000 0.13016650595756698583
70.40000 0.13553889687254719321
70.45000 0.13951463115829071393
70.50000 0.14156617083194411588
70.55000 0.14142431458690360446
70.60000 0.13913315882749399677
70.65000 0.13503005776490223377
70.70000 0.12966201802099394658
70.75000 0.12367206635040851881
70.80000 0.11769284714103651901
70.85000 0.11227246253724983138
70.90000 0.10783950270586706299
70.95000 0.10469974907362768202
71.00000 0.10305015055535333979
71.05000 0.10299543435940283764
71.10000 0.10455628877969797008
71.15000 0.10766328271016362139
71.20000 0.11213691801443602392
71.25000 0.11766155300979865006
71.30000 0.12376853291015803282
71.35000 0.12984839256385705131
71.40000 0.13520821356847664840
71.45000 0.13917487158670455161
71.50000 0.14122208439775155164
71.55000 0.14108126001506790526
71.60000 0.13879633517945907939
71.65000 0.13470379831244461144
71.70000 0.12934929849386395118
71.75000 0.12337429349101781961
71.80000 0.11740990300066476981
71.85000 0.11200292227065515582
71.90000 0.10758093032671817157
71.95000 0.10444899611306364406
72.00000 0.10280361805914743634
72.05000 0.10274929362608496708
72.10000 0.10430668213774280106
72.15000 0.10740653888580159458
72.20000 0.11186981498423226311
72.25000 0.11738164203319423340
72.30000 0.12347450018902873803
72.35000 0.12954038734820305656
72.40000 0.13488803394170931216
72.45000 0.13884589963238927468
72.50000 0.14088891829707436698
72.55000 0.14074908824847057187
72.60000 0.13847019199713236914
72.65000 0.13438787996849230200
72.70000 0.12904648697427614779
72.75000 0.12308595162607577356
72.80000 0.11713591722420822749
72.85000 0.11174191341920909626
72.90000 0.10733053997403178836
72.95000 0.10420617575063133298
73.00000 0.10256488279700602673
73.05000 0.10251093594978392953
73.10000 0.10406496633819950492
73.15000 0.10715790961795329528
73.20000 0.11161115181027390919
73.25000 0.11711057321911344520
73.30000 0.12318975295679203408
73.35000 0.12924210566487839835
73.40000 0.13457795852360421307
73.45000 0.13852730528052437098
73.50000 0.14056625774116163208
73.55000 0.14042738620071967826
73.60000 0.13815432414518602489
73.65000 0.13408191072353442541
73.70000 0.12875320809869875149
73.75000 0.12280668366338588771
73.80000 0.11687055078731128921
73.85000 0.11148911326456201198
73.90000 0.10708802227509468807
73.95000 0.10397098816030721224
74.00000 0.10233365016609961839
74.05000 0.10228006736656002074
74.10000 0.10383084345055736131
74.15000 0.10691708864004105528
74.20000 0.11136061007009463719
74.25000 0.11684801310507537953
74.30000 0.12291394119172248389
74.35000 0.12895318116485951498
74.40000 0.13427760683391642971
74.45000 0.13821869799109418042
74.50000 0.14025370762687339177
74.55000 0.14011576037391521021
74.60000 0.13784834568379059072
74.65000 0.13378551712673381058
74.70000 0.12846910426078456124
74.75000 0.12253614939182221055
74.80000 0.11661348068241535192
74.85000 0.11124421432607532745
74.90000 0.10685308245716408637
74.95000 0.10374314765871957278
75.00000 0.10210963945359159688
75.05000 0.10205640776627590560
75.10000 0.10360402957890491038
75.15000 0.10668378410627769870
75.20000 0.11111788632723194892
75.25000 0.11659364391431130403
75.30000 0.12264673132735408323
75.35000 0.12867326471110726582
75.40000 0.13398661625590596591
75.45000 0.13791970554610791244
75.50000 0.13995089137241381594
75.55000 0.13981383570114028214
75.60000 0.13755188873532245286
75.65000 0.13349834319116107850
75.70000 0.12819383456471780680
75.75000 0.12227402448704614846
75.80000 0.11636439897601064120
75.85000 0.11100692346447270376
75.90000 0.10662543948910468972
75.95000 0.10352238187409262826
76.00000 0.10189258302082065955
76.05000 0.10183969007928246608
76.10000 0.10338425403838345795
76.15000 0.10645771774585888192
76.20000 0.11088269125271105198
76.25000 0.11634716263673260117
76.30000 0.12238780528894062372
76.35000 0.12840202337138770239
76.40000 0.13370464099180209838
76.45000 0.13762997297910692374
76.50000 0.13965744983610514640
76.55000 0.13952125447144383963
76.60000 0.13726460243176455411
76.65000 0.13322004937691370174
76.70000 0.12792707385296767097
76.75000 0.12201999958785791911
76.80000 0.11612301193281711342
76.85000 0.11077696104908778263
76.90000 0.10640482528389426375
76.95000 0.10330843097409346532
77.00000 0.10168222554527463208
77.05000 0.10162965952068982178
77.10000 0.10317125858992187704
77.15000 0.10623862407698776711
77.20000 0.11065474880864421825
77.25000 0.11610828017484348118
77.30000 0.12213685959796539982
77.35000 0.12813913948217869887
77.40000 0.13343135109193371424
77.45000 0.13734916158010496146
77.50000 0.13937304031128797122
77.55000 0.13923767533044767442
77.60000 0.13698615193609542384
77.65000 0.13295031164565127013
77.70000 0.12766851180226757023
77.75000 0.12177377943731526599
77.80000 0.11588903920133930558
77.85000 0.11055406018343272301
77.90000 0.10619098395695268644
77.95000 0.10310104694770411138
78.00000 0.10147832331558069574
78.05000 0.10142607288747042260
78.10000 0.10296479672844484343
78.15000 0.10602624967579225845
78.20000 0.11043379548882130414
78.25000 0.11587672054924542941
78.30000 0.12189360453909516002
78.35000 0.12788430977781009568
78.40000 0.13316643155147059319
78.45000 0.13707694796977332174
78.50000 0.13909733559110362688
78.55000 0.13896277235037704512
78.60000 0.13671621753159973744
78.65000 0.13268882058070102792
78.70000 0.12741785208224429282
78.75000 0.12153508208333328733
78.80000 0.11566221305578851253
78.85000 0.11033796598433576186
78.90000 0.10598367113574443110
78.95000 0.10289999293671314717
79.00000 0.10128064357518340444
79.05000 0.10122869790408529911
79.10000 0.10276463302020048818
79.15000 0.10582035249566999757
79.20000 0.11021957961165400330
79.25000 0.11565222015888403095
79.30000 0.12165776338449929561
79.35000 0.12763724457953340430
79.40000 0.13290958146928016914
79.45000 0.13681302323724406356
79.50000 0.13883002309749514769
79.55000 0.13869623416389947890
79.60000 0.13645449377360854837
79.65000 0.13243528056743350541
79.70000 0.12717481157163498806
79.75000 0.12130363813396081996
79.80000 0.11544227768982255611
79.85000 0.11012843491032246745
79.90000 0.10578265331652121628
79.95000 0.10270504261283101843
80.00000 0.10108896391079470745
80.05000 0.10103731261272547171
80.10000 0.10257054248524626050
80.15000 0.10562070123299849289
80.20000 0.11001186066126326935
80.25000 0.11543452709163949665
80.30000 0.12142907167092766019
80.35000 0.12739766703971339146
80.40000 0.13266051326391775644
80.45000 0.13655709213642988620
80.50000 0.13857080406926861049
80.55000 0.13843776315664788057
80.60000 0.13620068869866930328
80.65000 0.13218940902908221657
80.70000 0.12693911962748224975
80.75000 0.12107919006295968234
80.80000 0.11522898855796021023
80.85000 0.10992523413530848331
80.90000 0.10558770726443911236
80.95000 0.10251597959678830640
81.00000 0.10090307168204688815
81.05000 0.10085170480462218867
81.10000 0.10238231002150859072
81.15000 0.10542707473552664910
81.20000 0.10981040867288203999
81.25000 0.11522340048126060441
81.30000 0.12120727652535717711
81.35000 0.12716531243676687524
81.40000 0.13241895194222361165
81.45000 0.13630887233623281696
81.50000 0.13831939280455810004
81.55000 0.13818707471380034524
81.60000 0.13595452308661318264
81.65000 0.13195093571364238660
81.70000 0.12671051740314312473
81.75000 0.12086149156173636721
81.80000 0.11502211176092919098
81.85000 0.10972814096404844009
81.90000 0.10539861945364953355
81.95000 0.10233259691612146824
82.00000 0.10072276348911030075
82.05000 0.10067167148919227426
82.10000 0.10219972986714265240
82.15000 0.10523926145009158961
82.20000 0.10961500365909244981
82.25000 0.11501860990700164822
82.30000 0.12099213603539384077
82.35000 0.12693992751686455911
82.40000 0.13218463441639660694
82.45000 0.13606809372041187012
82.50000 0.13807551595342287820
82.55000 0.13794389651648425454
82.60000 0.13571572977138085525
82.65000 0.13171960202784646632
82.70000 0.12648875721128796656
82.75000 0.12065030693399754480
82.80000 0.11482142347150993411
82.85000 0.10953694228607702144
82.90000 0.10521518554424187653
82.95000 0.10215469649863369306
83.00000 0.10054784467532619507
83.05000 0.10049701839808521109
83.10000 0.10202260509822780321
83.15000 0.10505705890661941326
83.20000 0.10942543507374218048
83.25000 0.11481993483266673961
83.30000 0.12078341866097852542
83.35000 0.12672126987879459015
83.40000 0.13195730886581352737
83.45000 0.13583449773328845622
83.50000 0.13783891185672111912
83.55000 0.13770796788416769796
83.60000 0.13548405299686061554
83.65000 0.13149516041460967974
83.70000 0.12627360192844344633
83.75000 0.12044541052985725804
83.80000 0.11462670939777598600
83.85000 0.10935143406519649834
83.90000 0.10503720989321853330
83.95000 0.10198208869879148153
84.00000 0.10037812886216172792
84.05000 0.10032755952144369049
84.10000 0.10185074715907259379
84.15000 0.10488027323560798754
84.20000 0.10924150131062854152
84.25000 0.11462716408201610585
84.30000 0.12058090268420580682
84.35000 0.12650910739865248167
84.40000 0.13173673414013928329
84.45000 0.13560783676775492457
84.50000 0.13760932992769550620
84.55000 0.13747903915950707154
84.60000 0.13525924781427950405
84.65000 0.13127737377060230695
84.70000 0.12606482443788999404
84.75000 0.12024658621637197842
84.80000 0.11443776428086592512
84.85000 0.10917142086178961702
84.90000 0.10486450509689700106
84.95000 0.10181459185455112026
85.00000 0.10021343751403756495
85.05000 0.10016311667394668661
85.10000 0.10168397542267400280
85.15000 0.10470871871657554120
85.20000 0.10906300923434120165
85.25000 0.11444009534780820447
85.30000 0.12038437569440030295
85.35000 0.12630321769137828336
85.40000 0.13152267920064195095
85.45000 0.13538787359242812625
85.50000 0.13738653007308668230
85.55000 0.13725687113247514448
85.60000 0.13504107951804750209
85.65000 0.13106601490096225771
85.70000 0.12586220710805839929
85.75000 0.12005362688179026243
85.80000 0.11425439142471686960
85.85000 0.10899671538551579386
85.90000 0.10469689156240430394
85.95000 0.10165203187234204962
86.00000 0.10005359953078685198
86.05000 0.10000351908838912840
86.10000 0.10152211677905338683
86.15000 0.10454221735513276326
86.20000 0.10888977374082935146
86.25000 0.11425853473193142706
86.30000 0.12019363410578255691
86.35000 0.12610338760635178557
86.40000 0.13131492259682175927
86.45000 0.13517438081498520108
86.50000 0.13717028215078166942
86.55000 0.13704123450081387436
86.60000 0.13482932311715375984
86.65000 0.13086086600833979343
86.70000 0.12566554130374613107
86.75000 0.11986633397097708198
86.80000 0.11407640225535260747
86.85000 0.10882713807610443213
86.90000 0.10453419710607421422
86.95000 0.10149424183809697964
87.00000 0.09989845086568414911
87.05000 0.09984860303475429077
87.10000 0.10136500524940893209
87.15000 0.10438059848657187112
87.20000 0.10872161734551194501
87.25000 0.11408229631434774198
87.30000 0.12000848270533874540
87.35000 0.12590941275455558301
87.40000 0.13111325197577264334
87.45000 0.13496714037903947969
87.50000 0.13696036546133316669
87.55000 0.13683190936415326466
87.60000 0.13462376283952715017
87.65000 0.13066171821378777529
87.70000 0.12547462692777280879
87.75000 0.11968451704974875094
87.80000 0.11390361590758135701
87.85000 0.10866251671020527025
87.90000 0.10437625657679611146
87.95000 0.10134106165243798869
88.00000 0.09974783416718513429
88.05000 0.09969821146292157099
88.10000 0.10121248162419367589
88.15000 0.10422369840402101460
88.20000 0.10855836979689792443
88.25000 0.11391120174871881277
88.30000 0.11982873422866226198
88.35000 0.12572109706497500148
88.40000 0.13091746362186520991
88.45000 0.13476594309209097289
88.50000 0.13675656827086013489
88.55000 0.13662868474932726714
88.60000 0.13442419166693644894
88.65000 0.13046837110714884500
88.70000 0.12528927199083814137
88.75000 0.11950799339600032267
88.80000 0.11373585883709619315
88.85000 0.10850268603239256182
88.90000 0.10422291150249100855
88.95000 0.10119233768825121322
89.00000 0.09960159844264175610
89.05000 0.09955219366728264296
89.10000 0.10106439312337973935
89.15000 0.10407136000938642384
89.20000 0.10839986771387592757
89.25000 0.11374507988279314308
89.30000 0.11965420896175470167
89.35000 0.12553825236812932165
89.40000 0.13072736202456039512
89.45000 0.13457058818229863939
89.50000 0.13655868736306150946
89.55000 0.13643135816463816679
89.60000 0.13423041089823281591
89.65000 0.13028063232482200995
89.70000 0.12510929220755423463
89.75000 0.11933658761569608531
89.80000 0.11357296445614976921
89.85000 0.10834748740858081428
89.90000 0.10407400975805299048
89.95000 0.10104792246904820141
90.00000 0.09945959874242761567
90.05000 0.09941040497170190726
90.10000 0.10092059307732272055
90.15000 0.10392343248545114764
90.20000 0.10824595424497916729
90.25000 0.11358376640178162453
90.30000 0.11948473436692803873
90.35000 0.12536069800479801573
90.40000 0.13054275947235752242
90.45000 0.13438088288204291798
90.50000 0.13636652761828058078
90.55000 0.13623973518100762625
90.60000 0.13404222973892176984
90.65000 0.13009831715296441002
90.70000 0.12493451061679654301
90.75000 0.11917013128196325689
90.80000 0.11341477279113561238
90.85000 0.10819676850027115655
90.90000 0.10392940525323568490
90.95000 0.10090767436663401757
91.00000 0.09932169586301171915
91.05000 0.09927270643337378353
91.10000 0.10078094062675845011
91.15000 0.10377977098762179720
91.20000 0.10809647874805632106
91.25000 0.11342710349308082751
91.30000 0.11932014473108944197
91.35000 0.12518826045814307468
91.40000 0.13036347567100456390
91.45000 0.13419664203635059407
91.50000 0.13617990161768997459
91.55000 0.13605362903811332731
91.60000 0.13385946491519337687
91.65000 0.12992124815432493090
91.70000 0.12476475722465150964
91.75000 0.11900846259565452112
91.80000 0.11326113016052724580
91.85000 0.10805038295815411198
91.90000 0.10378895763907756977
91.95000 0.10077145731672763895
92.00000 0.09918775606765882491
92.05000 0.09913896456424751980
92.10000 0.10064530044059467884
92.15000 0.10364023635395658296
92.20000 0.10795129648893596330
92.25000 0.11327493953086630041
92.30000 0.11916028083485959155
92.35000 0.12502077300760983114
92.40000 0.13018933738429747105
92.45000 0.13401768773447356176
92.50000 0.13599862927086089903
92.55000 0.13587286027377390440
92.60000 0.13368194031072527794
92.65000 0.12974925481707474950
92.70000 0.12459986866839441177
92.75000 0.11885142606588894321
92.80000 0.11311188887176222562
92.85000 0.10790819013372783541
92.90000 0.10365253203158104889
92.95000 0.10063914055128875269
93.00000 0.09905765082353089335
93.05000 0.09900905106880703022
93.10000 0.10051354245025968803
93.15000 0.10350469483219476574
93.20000 0.10781026835774720762
93.25000 0.11312712877915986898
93.30000 0.11900498964106182020
93.35000 0.12485807540307970742
93.40000 0.13002017809588420350
93.45000 0.13384384896299642009
93.50000 0.13582253746508024528
93.55000 0.13569725637496016235
93.60000 0.13350948662466047279
93.65000 0.12958217322410198191
93.70000 0.12443968790003910596
93.75000 0.11869887220919116133
93.80000 0.11296690693576376396
93.85000 0.10777005480768665768
93.90000 0.10351999875145172225
93.95000 0.10051059834639336499
94.00000 0.09893125655405442254
94.05000 0.09888284259707173784
94.10000 0.10038554159946753985
94.15000 0.10337301782262330041
94.20000 0.10767326060169424284
94.25000 0.11298353111211011102
94.30000 0.11885412400126051102
94.35000 0.12470001355789005204
94.40000 0.12985583769064212856
94.45000 0.13367496127901040692
94.50000 0.13565145973494330267
94.55000 0.13552665144897321770
94.60000 0.13334194104933619340
94.65000 0.12941984574138876152
94.70000 0.12428406388813391381
94.75000 0.11855065726596614173
94.80000 0.11282604779790210425
94.85000 0.10763584693394552538
94.90000 0.10339123307881649405
94.95000 0.10038570978461856809
95.00000 0.09880845440553041870
95.05000 0.09876022051179524086
95.10000 0.10026117760836211756
95.15000 0.10324508163571323449
95.20000 0.10754014457317351283
95.25000 0.11284401175032653108
95.30000 0.11870754237913394569
95.35000 0.12454643925945661775
95.40000 0.12969616215430948558
95.45000 0.13351086650199375794
95.50000 0.13548523595083725168
95.55000 0.13536088591340214582
95.60000 0.13317914696640437144
95.65000 0.12926212072415962928
95.70000 0.12413285133655303782
95.75000 0.11840664293312375133
95.80000 0.11268918008427288024
95.85000 0.10750544139822842959
95.90000 0.10326611502188799696
95.95000 0.10026435853092763306
96.00000 0.09868913002700475945
96.05000 0.09864107066889149511
96.10000 0.10014033475105420246
96.15000 0.10312076726351086797
96.20000 0.10741079649218021608
96.25000 0.11270844101216481725
96.30000 0.11856510858952505616
96.35000 0.12439720989628699765
96.40000 0.12954100329012524506
96.45000 0.13335141242313372500
96.50000 0.13532371202505399932
96.55000 0.13519980620362279100
96.60000 0.13302095366013610978
96.65000 0.12910885223963869395
96.70000 0.12398591041917354783
96.75000 0.11826669611179918551
96.80000 0.11255617736229234227
96.85000 0.10737871779027362285
96.90000 0.10314452909867316555
96.95000 0.10014643262118931577
97.00000 0.09857317336253808293
97.05000 0.09852528321021937485
97.10000 0.10002290164568056197
97.15000 0.10299996016389688369
97.20000 0.10728509722208177946
97.25000 0.11257669407899782710
97.30000 0.11842669155215918009
97.35000 0.12425218820032925271
97.40000 0.12939021845137529954
97.45000 0.13319645253095252491
97.50000 0.13516673963437217387
97.55000 0.13504326449667264365
97.60000 0.13286721604675941211
97.65000 0.12895989980529523611
97.70000 0.12384310652936207642
97.75000 0.11813068866914518129
97.80000 0.11242691791463955975
97.85000 0.10725556018873239061
97.90000 0.10302636413084069467
97.95000 0.10003182426247154979
98.00000 0.09846047845503945461
98.05000 0.09841275236790079928
98.10000 0.09990877105613858722
98.15000 0.10288255005683409615
98.20000 0.10716293205784975517
98.25000 0.11244865077352483862
98.30000 0.11829216505903548950
98.35000 0.12411124200361788039
98.40000 0.12924367028877106756
98.45000 0.13304584575214006836
98.50000 0.13501417595800457860
98.55000 0.13489111845041037996
98.60000 0.13271779441877523675
98.65000 0.12881512814157103364
98.70000 0.12370431004331623737
98.75000 0.11799849721329268293
98.80000 0.11230128452568859110
98.85000 0.10713585695794601571
98.90000 0.10291151304896485608
98.95000 0.09992042964435272900
99.00000 0.09835094326091846362
99.05000 0.09830337627942653533
99.10000 0.09979783970474971622
99.15000 0.10276843073184487032
99.20000 0.10704419052595511019
99.25000 0.11232419535028335955
99.30000 0.11816140755461523870
99.35000 0.12397424400830188429
99.40000 0.12910122651171440644
99.45000 0.13289945620662663162
99.50000 0.13486588342993785505
99.55000 0.13474323095698989561
99.60000 0.13257255420329266959
99.65000 0.12867440693815332398
99.70000 0.12356939609636048705
99.75000 0.11787000288062200737
99.80000 0.11217916427961775738
99.85000 0.10701950055583069055
99.90000 0.10279987270841313418
99.95000 0.09981214876053919050
100.00000 0.09824446947485454551
