0.10000 0.58778525229247313710
0.20000 0.95105651629515353118
0.30000 0.95105651629515353118
0.40000 0.58778525229247324813
0.50000 0.00000000000000012246
0.60000 -0.58778525229247335915
0.70000 -0.95105651629515353118
0.80000 -0.95105651629515364220
0.90000 -0.58778525229247335915
1.00000 -0.00000000000000024493
1.10000 0.58778525229247358119
1.20000 0.95105651629515375323
1.30000 0.95105651629515364220
1.40000 0.58778525229247335915
1.50000 0.00000000000000036739
1.60000 -0.58778525229247280404
1.70000 -0.95105651629515397527
1.80000 -0.95105651629515375323
1.90000 -0.58778525229247347017
2.00000 -0.00000000000000048986
2.10000 0.58778525229247269301
2.20000 0.95105651629515397527
2.30000 0.95105651629515319812
2.40000 0.58778525229247213790
2.50000 0.00000000000000061232
2.60000 -0.58778525229247258199
2.70000 -0.95105651629515342016
2.80000 -0.95105651629515375323
2.90000 -0.58778525229247080564
3.00000 -0.00000000000000073479
3.10000 0.58778525229247247097
3.20000 0.95105651629515330914
3.30000 0.95105651629515386425
3.40000 0.58778525229247091666
3.50000 0.00000000000000085725
3.60000 -0.58778525229247247097
3.70000 -0.95105651629515330914
3.80000 -0.95105651629515386425
3.90000 -0.58778525229247102768
4.00000 -0.00000000000000097972
4.10000 0.58778525229247513550
4.20000 0.95105651629515330914
4.30000 0.95105651629515386425
4.40000 0.58778525229247113870
4.50000 0.00000000000000110218
4.60000 -0.58778525229247513550
4.70000 -0.95105651629515319812
4.80000 -0.95105651629515286505
4.90000 -0.58778525229247124972
5.00000 -0.00000000000000122465
5.10000 0.58778525229247502448
5.20000 0.95105651629515319812
5.30000 0.95105651629515286505
5.40000 0.58778525229247424733
5.50000 0.00000000000000489983
5.60000 -0.58778525229247202688
5.70000 -0.95105651629515419732
5.80000 -0.95105651629515186585
5.90000 -0.58778525229247147177
6.00000 -0.00000000000000146958
6.10000 0.58778525229247480244
6.20000 0.95105651629515308709
6.30000 0.95105651629515297607
6.40000 0.58778525229247435835
6.50000 -0.00000000000000196067
6.60000 -0.58778525229247180484
6.70000 -0.95105651629515419732
6.80000 -0.95105651629515186585
6.90000 -0.58778525229247158279
7.00000 -0.00000000000000171451
7.10000 0.58778525229247458039
7.20000 0.95105651629515297607
7.30000 0.95105651629515297607
7.40000 0.58778525229247458039
7.50000 0.00000000000000538968
7.60000 -0.58778525229247158279
7.70000 -0.95105651629515408629
7.80000 -0.95105651629515197687
7.90000 -0.58778525229247180484
8.00000 -0.00000000000000195943
8.10000 0.58778525229246869621
8.20000 0.95105651629515519652
8.30000 0.95105651629515308709
8.40000 0.58778525229247480244
8.50000 -0.00000000000000147081
8.60000 -0.58778525229247147177
8.70000 -0.95105651629515397527
8.80000 -0.95105651629515208789
8.90000 -0.58778525229247202688
9.00000 -0.00000000000000220436
9.10000 0.58778525229246847417
9.20000 0.95105651629515508549
9.30000 0.95105651629515319812
9.40000 0.58778525229247502448
9.50000 0.00000000000000587954
9.60000 -0.58778525229247702288
9.70000 -0.95105651629515397527
9.80000 -0.95105651629515208789
9.90000 -0.58778525229247224893
10.00000 -0.00000000000000244929
10.10000 0.58778525229247979844
10.20000 0.95105651629515497447
10.30000 0.95105651629515108869
10.40000 0.58778525229247513550
10.50000 -0.00000000000000098096
10.60000 -0.58778525229247680084
10.70000 -0.95105651629515608469
10.80000 -0.95105651629515441936
10.90000 -0.58778525229247235995
11.00000 -0.00000000000000979965
11.10000 0.58778525229247957640
11.20000 0.95105651629515275403
11.30000 0.95105651629515330914
11.40000 0.58778525229246958439
11.50000 0.00000000000000636940
11.60000 -0.58778525229248235195
11.70000 -0.95105651629515375323
11.80000 -0.95105651629515230994
11.90000 -0.58778525229247835515
12.00000 -0.00000000000000293915
12.10000 0.58778525229247358119
12.20000 0.95105651629515486345
12.30000 0.95105651629515119971
12.40000 0.58778525229247557959
12.50000 -0.00000000000000049110
12.60000 -0.58778525229247635675
12.70000 -0.95105651629515586265
12.80000 -0.95105651629515453038
12.90000 -0.58778525229247280404
13.00000 0.00000000000000392135
13.10000 0.58778525229247913231
13.20000 0.95105651629515253198
13.30000 0.95105651629515353118
13.40000 0.58778525229247002848
13.50000 0.00000000000000685926
13.60000 -0.58778525229248190787
13.70000 -0.95105651629515364220
13.80000 -0.95105651629515242096
13.90000 -0.58778525229247879924
14.00000 -0.00000000000000342901
14.10000 0.58778525229247324813
14.20000 0.95105651629515464140
14.30000 0.95105651629515131074
14.40000 0.58778525229247602368
14.50000 -0.00000000000000000124
14.60000 -0.58778525229247602368
14.70000 -0.95105651629515575163
14.80000 -0.95105651629515464140
14.90000 -0.58778525229247324813
15.00000 -0.00000000000001077937
15.10000 0.58778525229247879924
15.20000 0.95105651629515242096
15.30000 0.95105651629515364220
15.40000 0.58778525229247047257
15.50000 0.00000000000000734912
15.60000 -0.58778525229248157480
15.70000 -0.95105651629515353118
15.80000 -0.95105651629515253198
15.90000 -0.58778525229247913231
16.00000 -0.00000000000000391887
16.10000 0.58778525229247280404
16.20000 0.95105651629515020051
16.30000 0.95105651629515153278
16.40000 0.58778525229246492145
16.50000 0.00000000000000048862
16.60000 -0.58778525229247557959
16.70000 -0.95105651629515119971
16.80000 -0.95105651629515486345
16.90000 -0.58778525229246214590
17.00000 0.00000000000000294163
17.10000 0.58778525229247835515
17.20000 0.95105651629515230994
17.30000 0.95105651629515375323
17.40000 0.58778525229247080564
17.50000 0.00000000000000783898
17.60000 -0.58778525229248113071
17.70000 -0.95105651629514897927
17.80000 -0.95105651629515275403
17.90000 -0.58778525229246803008
18.00000 -0.00000000000000440873
18.10000 0.58778525229247247097
18.20000 0.95105651629514997847
18.30000 0.95105651629515164380
18.40000 0.58778525229246525452
18.50000 0.00000000000000097848
18.60000 -0.58778525229247524653
18.70000 -0.95105651629515108869
18.80000 -0.95105651629515497447
18.90000 -0.58778525229246247896
19.00000 -0.00000000000001175909
19.10000 0.58778525229247802208
19.20000 0.95105651629515652878
19.30000 0.95105651629515397527
19.40000 0.58778525229247124972
19.50000 0.00000000000000832884
19.60000 -0.58778525229248079764
19.70000 -0.95105651629515752798
19.80000 -0.95105651629515286505
19.90000 -0.58778525229246847417
20.00000 -0.00000000000000489859
20.10000 0.58778525229247202688
20.20000 0.95105651629515863821
20.30000 0.95105651629515186585
20.40000 0.58778525229246569861
20.50000 0.00000000000001567919
20.60000 -0.58778525229248623774
20.70000 -0.95105651629515963741
20.80000 -0.95105651629515519652
20.90000 -0.58778525229247435835
21.00000 0.00000000000000196191
21.10000 0.58778525229247757800
21.20000 0.95105651629515630674
21.30000 0.95105651629514964540
21.40000 0.58778525229246014749
21.50000 0.00000000000000881869
21.60000 -0.58778525229246880723
21.70000 -0.95105651629516185785
21.80000 -0.95105651629515297607
21.90000 -0.58778525229246880723
22.00000 -0.00000000000001959930
22.10000 0.58778525229248312911
22.20000 0.95105651629515852719
22.30000 0.95105651629515630674
22.40000 0.58778525229247757800
22.50000 0.00000000000000195820
22.60000 -0.58778525229247435835
22.70000 -0.95105651629515519652
22.80000 -0.95105651629515086665
22.90000 -0.58778525229246325612
23.00000 -0.00000000000001273880
23.10000 0.58778525229246569861
23.20000 0.95105651629516063661
23.30000 0.95105651629515419732
23.40000 0.58778525229247202688
23.50000 -0.00000000000000490230
23.60000 -0.58778525229247990946
23.70000 -0.95105651629515730594
23.80000 -0.95105651629515752798
23.90000 -0.58778525229245770500
24.00000 -0.00000000000000587830
24.10000 0.58778525229247124972
24.20000 0.95105651629515397527
24.30000 0.95105651629515208789
24.40000 0.58778525229246647577
24.50000 0.00000000000001665891
24.60000 -0.58778525229248546058
24.70000 -0.95105651629515941536
24.80000 -0.95105651629515541856
24.90000 -0.58778525229247513550
25.00000 0.00000000000000098219
25.10000 0.58778525229247680084
25.20000 0.95105651629515608469
25.30000 0.95105651629514997847
25.40000 0.58778525229246092465
25.50000 0.00000000000000979841
25.60000 -0.58778525229246803008
25.70000 -0.95105651629516152479
25.80000 -0.95105651629515330914
25.90000 -0.58778525229246958439
26.00000 0.00000000000000784269
26.10000 0.58778525229248235195
26.20000 0.95105651629515819412
26.30000 0.95105651629515663981
26.40000 0.58778525229247835515
26.50000 0.00000000000000293791
26.60000 -0.58778525229247358119
26.70000 -0.95105651629515486345
26.80000 -0.95105651629515119971
26.90000 -0.58778525229246403327
27.00000 -0.00000000000001371852
27.10000 0.58778525229246492145
27.20000 0.95105651629516030354
27.30000 0.95105651629515453038
27.40000 0.58778525229247280404
27.50000 -0.00000000000000392258
27.60000 -0.58778525229247913231
27.70000 -0.95105651629515697287
27.80000 -0.95105651629515786105
27.90000 -0.58778525229245859318
28.00000 -0.00000000000000685802
28.10000 0.58778525229247047257
28.20000 0.95105651629515364220
28.30000 0.95105651629515242096
28.40000 0.58778525229246725292
28.50000 0.00000000000001763863
28.60000 -0.58778525229248468342
28.70000 -0.95105651629515908230
28.80000 -0.95105651629515575163
28.90000 -0.58778525229247602368
29.00000 0.00000000000000000248
29.10000 0.58778525229247602368
29.20000 0.95105651629515575163
29.30000 0.95105651629515031154
29.40000 0.58778525229246170181
29.50000 0.00000000000001077813
29.60000 -0.58778525229246725292
29.70000 -0.95105651629516119172
29.80000 -0.95105651629515364220
29.90000 -0.58778525229247047257
30.00000 -0.00000000000002155874
30.10000 0.58778525229248157480
30.20000 0.95105651629515786105
30.30000 0.95105651629515697287
30.40000 0.58778525229247913231
30.50000 0.00000000000000391763
30.60000 -0.58778525229247280404
30.70000 -0.95105651629515453038
30.80000 -0.95105651629515153278
30.90000 -0.58778525229246492145
31.00000 -0.00000000000001469824
31.10000 0.58778525229246414430
31.20000 0.95105651629515997048
31.30000 0.95105651629515486345
31.40000 0.58778525229247358119
31.50000 -0.00000000000000294287
31.60000 -0.58778525229247835515
31.70000 -0.95105651629515663981
31.80000 -0.95105651629515819412
31.90000 -0.58778525229245937034
32.00000 -0.00000000000000783774
32.10000 0.58778525229246969541
32.20000 0.95105651629515330914
32.30000 0.95105651629514398326
32.40000 0.58778525229249101169
32.50000 0.00000000000001861835
32.60000 -0.58778525229248390627
32.70000 -0.95105651629515874923
32.80000 -0.95105651629514731393
32.90000 -0.58778525229247680084
33.00000 -0.00000000000000097724
33.10000 0.58778525229247524653
33.20000 0.95105651629515541856
33.30000 0.95105651629515064460
33.40000 0.58778525229248546058
33.50000 0.00000000000001175785
33.60000 -0.58778525229246647577
33.70000 -0.95105651629516085865
33.80000 -0.95105651629514520451
33.90000 -0.58778525229249423134
34.00000 0.00000000000000588326
34.10000 0.58778525229248079764
34.20000 0.95105651629515752798
34.30000 0.95105651629514853518
34.40000 0.58778525229247990946
34.50000 0.00000000000000489735
34.60000 -0.58778525229247202688
34.70000 -0.95105651629515419732
34.80000 -0.95105651629515186585
34.90000 -0.58778525229248868023
35.00000 -0.00000000000001567795
35.10000 0.58778525229246325612
35.20000 0.95105651629515963741
35.30000 0.95105651629514631473
35.40000 0.58778525229249733997
35.50000 -0.00000000000000196315
35.60000 -0.58778525229247757800
35.70000 -0.95105651629515630674
35.80000 -0.95105651629514964540
35.90000 -0.58778525229248312911
36.00000 -0.00000000000000881746
36.10000 0.58778525229246880723
36.20000 0.95105651629515297607
36.30000 0.95105651629514420531
36.40000 0.58778525229249178885
36.50000 0.00000000000001959806
36.60000 -0.58778525229248312911
36.70000 -0.95105651629515852719
36.80000 -0.95105651629514753598
36.90000 -0.58778525229247757800
37.00000 -0.00000000000000195696
37.10000 0.58778525229247435835
37.20000 0.95105651629515519652
37.30000 0.95105651629515086665
37.40000 0.58778525229248623774
37.50000 0.00000000000001273756
37.60000 -0.58778525229246569861
37.70000 -0.95105651629516063661
37.80000 -0.95105651629514542655
37.90000 -0.58778525229249500850
38.00000 -0.00000000000002351817
38.10000 0.58778525229247990946
38.20000 0.95105651629515730594
38.30000 0.95105651629514875722
38.40000 0.58778525229245770500
38.50000 0.00000000000000587707
38.60000 -0.58778525229247124972
38.70000 -0.95105651629515397527
38.80000 -0.95105651629515208789
38.90000 -0.58778525229244349415
39.00000 -0.00000000000001665767
39.10000 0.58778525229246247896
39.20000 0.95105651629515941536
39.30000 0.95105651629514664780
39.40000 0.58778525229245215389
39.50000 -0.00000000000000098343
39.60000 -0.58778525229247680084
39.70000 -0.95105651629515608469
39.80000 -0.95105651629514997847
39.90000 -0.58778525229246092465
40.00000 -0.00000000000000979717
40.10000 0.58778525229246803008
40.20000 0.95105651629515275403
40.30000 0.95105651629514453838
40.40000 0.58778525229244660277
40.50000 0.00000000000002057778
40.60000 -0.58778525229248235195
40.70000 -0.95105651629515819412
40.80000 -0.95105651629514786904
40.90000 -0.58778525229243239192
41.00000 -0.00000000000003135839
41.10000 0.58778525229247358119
41.20000 0.95105651629516363421
41.30000 0.95105651629515119971
41.40000 0.58778525229244105166
41.50000 -0.00000000000001470443
41.60000 -0.58778525229246492145
41.70000 -0.95105651629516030354
41.80000 -0.95105651629515453038
41.90000 -0.58778525229244982242
42.00000 0.00000000000000392382
42.10000 0.58778525229245615069
42.20000 0.95105651629515697287
42.30000 0.95105651629514031953
42.40000 0.58778525229245848216
42.50000 0.00000000000000685678
42.60000 -0.58778525229249345418
42.70000 -0.95105651629515364220
42.80000 -0.95105651629514365020
42.90000 -0.58778525229246725292
43.00000 -0.00000000000001763739
43.10000 0.58778525229248468342
43.20000 0.95105651629515031154
43.30000 0.95105651629514698087
43.40000 0.58778525229242994943
43.50000 0.00000000000002841800
43.60000 -0.58778525229247602368
43.70000 -0.95105651629516452239
43.80000 -0.95105651629515031154
43.90000 -0.58778525229243872019
44.00000 -0.00000000000003919860
44.10000 0.58778525229246725292
44.20000 0.95105651629516119172
44.30000 0.95105651629515364220
44.40000 0.58778525229244749095
44.50000 -0.00000000000000686421
44.60000 -0.58778525229245859318
44.70000 -0.95105651629515786105
44.80000 -0.95105651629515697287
44.90000 -0.58778525229245615069
45.00000 -0.00000000000000391639
45.10000 0.58778525229244982242
45.20000 0.95105651629515453038
45.30000 0.95105651629514276202
45.40000 0.58778525229246492145
45.50000 0.00000000000001469700
45.60000 -0.58778525229248712591
45.70000 -0.95105651629515119971
45.80000 -0.95105651629514609269
45.90000 -0.58778525229247358119
46.00000 -0.00000000000002547761
46.10000 0.58778525229247835515
46.20000 0.95105651629514786904
46.30000 0.95105651629514942336
46.40000 0.58778525229243638872
46.50000 0.00000000000003625821
46.60000 -0.58778525229246969541
46.70000 -0.95105651629516207990
46.80000 -0.95105651629515275403
46.90000 -0.58778525229244504846
47.00000 0.00000000000000980460
47.10000 0.58778525229246092465
47.20000 0.95105651629515874923
47.30000 0.95105651629515608469
47.40000 0.58778525229245381922
47.50000 0.00000000000000097600
47.60000 -0.58778525229245215389
47.70000 -0.95105651629515541856
47.80000 -0.95105651629514187384
47.90000 -0.58778525229246247896
48.00000 -0.00000000000001175661
48.10000 0.58778525229248945738
48.20000 0.95105651629515208789
48.30000 0.95105651629514520451
48.40000 0.58778525229247124972
48.50000 0.00000000000002253721
48.60000 -0.58778525229248079764
48.70000 -0.95105651629514875722
48.80000 -0.95105651629514853518
48.90000 -0.58778525229243394623
49.00000 -0.00000000000003331782
49.10000 0.58778525229247202688
49.20000 0.95105651629516296808
49.30000 0.95105651629515186585
49.40000 0.58778525229244271699
49.50000 -0.00000000000001274499
49.60000 -0.58778525229246325612
49.70000 -0.95105651629515963741
49.80000 -0.95105651629515519652
49.90000 -0.58778525229245137673
50.00000 0.00000000000000196439
50.10000 0.58778525229245459638
50.20000 0.95105651629515630674
50.30000 0.95105651629514087464
50.40000 0.58778525229246014749
50.50000 0.00000000000000881622
50.60000 -0.58778525229249189987
50.70000 -0.95105651629515297607
50.80000 -0.95105651629514420531
50.90000 -0.58778525229246880723
51.00000 -0.00000000000001959682
51.10000 0.58778525229248312911
51.20000 0.95105651629514964540
51.30000 0.95105651629514753598
51.40000 0.58778525229243161476
51.50000 0.00000000000003037743
51.60000 -0.58778525229247435835
51.70000 -0.95105651629516396728
51.80000 -0.95105651629515086665
51.90000 -0.58778525229244027450
52.00000 0.00000000000001568538
52.10000 0.58778525229246569861
52.20000 0.95105651629516063661
52.30000 0.95105651629515419732
52.40000 0.58778525229244904526
52.50000 -0.00000000000000490478
52.60000 -0.58778525229245692785
52.70000 -0.95105651629515730594
52.80000 -0.95105651629515752798
52.90000 -0.58778525229245770500
53.00000 -0.00000000000000587583
53.10000 0.58778525229244826811
53.20000 0.95105651629515397527
53.30000 0.95105651629514331713
53.40000 0.58778525229246647577
53.50000 0.00000000000001665643
53.60000 -0.58778525229248546058
53.70000 -0.95105651629515064460
53.80000 -0.95105651629514664780
53.90000 -0.58778525229247513550
54.00000 -0.00000000000002743704
54.10000 0.58778525229247680084
54.20000 0.95105651629514731393
54.30000 0.95105651629514997847
54.40000 0.58778525229243794303
54.50000 0.00000000000003821765
54.60000 -0.58778525229246803008
54.70000 -0.95105651629516152479
54.80000 -0.95105651629515330914
54.90000 -0.58778525229244660277
55.00000 0.00000000000000784517
55.10000 0.58778525229245937034
55.20000 0.95105651629515819412
55.30000 0.95105651629515663981
55.40000 0.58778525229245537354
55.50000 0.00000000000000293544
55.60000 -0.58778525229245059958
55.70000 -0.95105651629515486345
55.80000 -0.95105651629514242895
55.90000 -0.58778525229246403327
56.00000 -0.00000000000001371604
56.10000 0.58778525229248790307
56.20000 0.95105651629515153278
56.30000 0.95105651629514575962
56.40000 0.58778525229247280404
56.50000 0.00000000000002449665
56.60000 -0.58778525229247913231
56.70000 -0.95105651629514820211
56.80000 -0.95105651629514909029
56.90000 -0.58778525229243550054
57.00000 -0.00000000000003527726
57.10000 0.58778525229247047257
57.20000 0.95105651629516241297
57.30000 0.95105651629515242096
57.40000 0.58778525229244427130
57.50000 -0.00000000000001078556
57.60000 -0.58778525229246170181
57.70000 -0.95105651629515908230
57.80000 -0.95105651629515575163
57.90000 -0.58778525229245293104
58.00000 0.00000000000000000495
58.10000 0.58778525229245304207
58.20000 0.95105651629515575163
58.30000 0.95105651629514154077
58.40000 0.58778525229246170181
58.50000 0.00000000000001077565
58.60000 -0.58778525229249023454
58.70000 -0.95105651629515242096
58.80000 -0.95105651629514487144
58.90000 -0.58778525229247047257
59.00000 -0.00000000000002155626
59.10000 0.58778525229248157480
59.20000 0.95105651629514909029
59.30000 0.95105651629514820211
59.40000 0.58778525229243316907
59.50000 0.00000000000003233687
59.60000 -0.58778525229247280404
59.70000 -0.95105651629516330114
59.80000 -0.95105651629515153278
59.90000 -0.58778525229244193984
60.00000 -0.00000000000004311747
60.10000 0.58778525229246414430
60.20000 0.95105651629515997048
60.30000 0.95105651629515486345
60.40000 0.58778525229245059958
60.50000 -0.00000000000000294534
60.60000 -0.58778525229245537354
60.70000 -0.95105651629515663981
60.80000 -0.95105651629515819412
60.90000 -0.58778525229245937034
61.00000 -0.00000000000000783526
61.10000 0.58778525229244660277
61.20000 0.95105651629515330914
61.30000 0.95105651629514398326
61.40000 0.58778525229246803008
61.50000 0.00000000000001861587
61.60000 -0.58778525229248390627
61.70000 -0.95105651629514997847
61.80000 -0.95105651629514731393
61.90000 -0.58778525229247680084
62.00000 -0.00000000000002939648
62.10000 0.58778525229247524653
62.20000 0.95105651629514664780
62.30000 0.95105651629515064460
62.40000 0.58778525229243949735
62.50000 0.00000000000004017708
62.60000 -0.58778525229246647577
62.70000 -0.95105651629516085865
62.80000 -0.95105651629515397527
62.90000 -0.58778525229244826811
63.00000 0.00000000000000588573
63.10000 0.58778525229245770500
63.20000 0.95105651629515752798
63.30000 0.95105651629515730594
63.40000 0.58778525229245692785
63.50000 0.00000000000000489487
63.60000 -0.58778525229244904526
63.70000 -0.95105651629515419732
63.80000 -0.95105651629514298406
63.90000 -0.58778525229246569861
64.00000 -0.00000000000001567548
64.10000 0.58778525229248634876
64.20000 0.95105651629515086665
64.30000 0.95105651629516396728
64.40000 0.58778525229247435835
64.50000 0.00000000000002645608
64.60000 -0.58778525229252354123
64.70000 -0.95105651629514753598
64.80000 -0.95105651629516729795
64.90000 -0.58778525229243716588
65.00000 -0.00000000000003723669
65.10000 0.58778525229251488149
65.20000 0.95105651629516185785
65.30000 0.95105651629517062862
65.40000 0.58778525229244582562
65.50000 -0.00000000000000882612
65.60000 -0.58778525229250611073
65.70000 -0.95105651629515852719
65.80000 -0.95105651629515630674
65.90000 -0.58778525229245459638
66.00000 -0.00000000000000195448
66.10000 0.58778525229249745099
66.20000 0.95105651629515519652
66.30000 0.95105651629515963741
66.40000 0.58778525229246325612
66.50000 0.00000000000001273509
66.60000 -0.58778525229248868023
66.70000 -0.95105651629515186585
66.80000 -0.95105651629516296808
66.90000 -0.58778525229247202688
67.00000 -0.00000000000002351569
67.10000 0.58778525229252598372
67.20000 0.95105651629514853518
67.30000 0.95105651629516629875
67.40000 0.58778525229243472339
67.50000 0.00000000000003429630
67.60000 -0.58778525229251721296
67.70000 -0.95105651629516274603
67.80000 -0.95105651629516962942
67.90000 -0.58778525229244349415
68.00000 0.00000000000001176651
68.10000 0.58778525229250844220
68.20000 0.95105651629515941536
68.30000 0.95105651629517296008
68.40000 0.58778525229245215389
68.50000 -0.00000000000000098591
68.60000 -0.58778525229249978246
68.70000 -0.95105651629515608469
68.80000 -0.95105651629515874923
68.90000 -0.58778525229246092465
69.00000 -0.00000000000000979470
69.10000 0.58778525229249101169
69.20000 0.95105651629515275403
69.30000 0.95105651629516207990
69.40000 0.58778525229246958439
69.50000 0.00000000000002057530
69.60000 -0.58778525229248235195
69.70000 -0.95105651629514942336
69.80000 -0.95105651629516541057
69.90000 -0.58778525229247835515
70.00000 -0.00000000000003135591
70.10000 0.58778525229251954443
70.20000 0.95105651629514609269
70.30000 0.95105651629516874124
70.40000 0.58778525229244105166
70.50000 0.00000000000004213652
70.60000 -0.58778525229251088469
70.70000 -0.95105651629516030354
70.80000 -0.95105651629517207191
70.90000 -0.58778525229244982242
71.00000 0.00000000000000392630
71.10000 0.58778525229250211392
71.20000 0.95105651629515697287
71.30000 0.95105651629515786105
71.40000 0.58778525229245848216
71.50000 0.00000000000000685431
71.60000 -0.58778525229249345418
71.70000 -0.95105651629515364220
71.80000 -0.95105651629516119172
71.90000 -0.58778525229246725292
72.00000 -0.00000000000001763491
72.10000 0.58778525229248468342
72.20000 0.95105651629515031154
72.30000 0.95105651629516452239
72.40000 0.58778525229247602368
72.50000 0.00000000000002841552
72.60000 -0.58778525229252198692
72.70000 -0.95105651629514698087
72.80000 -0.95105651629516785306
72.90000 -0.58778525229243872019
73.00000 -0.00000000000003919613
73.10000 0.58778525229251321615
73.20000 0.95105651629516119172
73.30000 0.95105651629517118373
73.40000 0.58778525229244737993
73.50000 -0.00000000000000686669
73.60000 -0.58778525229250455642
73.70000 -0.95105651629515786105
73.80000 -0.95105651629515697287
73.90000 -0.58778525229245615069
74.00000 -0.00000000000000391392
74.10000 0.58778525229249578565
74.20000 0.95105651629515453038
74.30000 0.95105651629516030354
74.40000 0.58778525229246492145
74.50000 0.00000000000001469452
74.60000 -0.58778525229248712591
74.70000 -0.95105651629515119971
74.80000 -0.95105651629516363421
74.90000 -0.58778525229247358119
75.00000 -0.00000000000002547513
75.10000 0.58778525229252431838
75.20000 0.95105651629514786904
75.30000 0.95105651629516696488
75.40000 0.58778525229243638872
75.50000 0.00000000000003625574
75.60000 -0.58778525229251565865
75.70000 -0.95105651629516207990
75.80000 -0.95105651629517029555
75.90000 -0.58778525229244504846
76.00000 -0.00000000000004703634
76.10000 0.58778525229250688788
76.20000 0.95105651629515874923
76.30000 0.95105651629517362622
76.40000 0.58778525229245381922
76.50000 0.00000000000000097353
76.60000 -0.58778525229249822814
76.70000 -0.95105651629515541856
76.80000 -0.95105651629514187384
76.90000 -0.58778525229246247896
77.00000 -0.00000000000001175413
77.10000 0.58778525229248945738
77.20000 0.95105651629515208789
77.30000 0.95105651629514520451
77.40000 0.58778525229247124972
77.50000 0.00000000000002253474
77.60000 -0.58778525229248079764
77.70000 -0.95105651629514875722
77.80000 -0.95105651629513088263
77.90000 -0.58778525229247990946
78.00000 -0.00000000000003331534
78.10000 0.58778525229251799011
78.20000 0.95105651629514542655
78.30000 0.95105651629513421330
78.40000 0.58778525229244271699
78.50000 0.00000000000004409595
78.60000 -0.58778525229250933037
78.70000 -0.95105651629515963741
78.80000 -0.95105651629513754397
78.90000 -0.58778525229245137673
79.00000 0.00000000000000196686
79.10000 0.58778525229250055961
79.20000 0.95105651629515630674
79.30000 0.95105651629514087464
79.40000 0.58778525229246014749
79.50000 0.00000000000000881374
79.60000 -0.58778525229249189987
79.70000 -0.95105651629515297607
79.80000 -0.95105651629514420531
79.90000 -0.58778525229246880723
80.00000 -0.00000000000001959435
80.10000 0.58778525229248312911
80.20000 0.95105651629514964540
80.30000 0.95105651629512999445
80.40000 0.58778525229247757800
80.50000 0.00000000000003037495
80.60000 -0.58778525229252043260
80.70000 -0.95105651629514631473
80.80000 -0.95105651629513332512
80.90000 -0.58778525229244027450
81.00000 -0.00000000000004115556
81.10000 0.58778525229251166184
81.20000 0.95105651629516063661
81.30000 0.95105651629513665579
81.40000 0.58778525229244904526
81.50000 0.00000000000005193617
81.60000 -0.58778525229250300210
81.70000 -0.95105651629515730594
81.80000 -0.95105651629512244494
81.90000 -0.58778525229250377926
82.00000 -0.00000000000006271677
82.10000 0.58778525229249423134
82.20000 0.95105651629515397527
82.30000 0.95105651629512577561
82.40000 0.58778525229242051253
82.50000 0.00000000000007349738
82.60000 -0.58778525229248546058
82.70000 -0.95105651629515064460
82.80000 -0.95105651629512910628
82.90000 -0.58778525229242917227
83.00000 0.00000000000002940885
83.10000 0.58778525229247680084
83.20000 0.95105651629514731393
83.30000 0.95105651629513243694
83.40000 0.58778525229243794303
83.50000 -0.00000000000001862825
83.60000 -0.58778525229246803008
83.70000 -0.95105651629514398326
83.80000 -0.95105651629513576761
83.90000 -0.58778525229244660277
84.00000 0.00000000000000784764
84.10000 0.58778525229245937034
84.20000 0.95105651629514065259
84.30000 0.95105651629513909828
84.40000 0.58778525229245537354
84.50000 0.00000000000000293296
84.60000 -0.58778525229254263706
84.70000 -0.95105651629513732193
84.80000 -0.95105651629514242895
84.90000 -0.58778525229246403327
85.00000 -0.00000000000001371357
85.10000 0.58778525229253386630
85.20000 0.95105651629516907430
85.30000 0.95105651629514575962
85.40000 0.58778525229247280404
85.50000 0.00000000000002449417
85.60000 -0.58778525229252509554
85.70000 -0.95105651629516574364
85.80000 -0.95105651629514909029
85.90000 -0.58778525229248157480
86.00000 -0.00000000000003527478
86.10000 0.58778525229251643580
86.20000 0.95105651629516241297
86.30000 0.95105651629515242096
86.40000 0.58778525229249023454
86.50000 0.00000000000004605539
86.60000 -0.58778525229250766504
86.70000 -0.95105651629515908230
86.80000 -0.95105651629512066858
86.90000 -0.58778525229249900530
87.00000 -0.00000000000005683599
87.10000 0.58778525229249900530
87.20000 0.95105651629515575163
87.30000 0.95105651629512399925
87.40000 0.58778525229241573857
87.50000 0.00000000000006761660
87.60000 -0.58778525229249023454
87.70000 -0.95105651629515242096
87.80000 -0.95105651629512732992
87.90000 -0.58778525229242439831
88.00000 -0.00000000000007839720
88.10000 0.58778525229248157480
88.20000 0.95105651629514909029
88.30000 0.95105651629513066059
88.40000 0.58778525229243316907
88.50000 -0.00000000000002450903
88.60000 -0.58778525229247280404
88.70000 -0.95105651629514575962
88.80000 -0.95105651629513399126
88.90000 -0.58778525229244182881
89.00000 0.00000000000001372842
89.10000 0.58778525229246414430
89.20000 0.95105651629514242895
89.30000 0.95105651629513732193
89.40000 0.58778525229245059958
89.50000 -0.00000000000000294782
89.60000 -0.58778525229245537354
89.70000 -0.95105651629513909828
89.80000 -0.95105651629514065259
89.90000 -0.58778525229245937034
90.00000 -0.00000000000000783279
90.10000 0.58778525229253864026
90.20000 0.95105651629513576761
90.30000 0.95105651629514398326
90.40000 0.58778525229246803008
90.50000 0.00000000000001861339
90.60000 -0.58778525229252986950
90.70000 -0.95105651629516751999
90.80000 -0.95105651629514731393
90.90000 -0.58778525229247680084
91.00000 -0.00000000000002939400
91.10000 0.58778525229252120976
91.20000 0.95105651629516418932
91.30000 0.95105651629515064460
91.40000 0.58778525229248546058
91.50000 0.00000000000004017460
91.60000 -0.58778525229251243900
91.70000 -0.95105651629516085865
91.80000 -0.95105651629515397527
91.90000 -0.58778525229249423134
92.00000 -0.00000000000005095521
92.10000 0.58778525229250377926
92.20000 0.95105651629515752798
92.30000 0.95105651629512211187
92.40000 0.58778525229250289108
92.50000 0.00000000000006173582
92.60000 -0.58778525229249500850
92.70000 -0.95105651629515419732
92.80000 -0.95105651629512544254
92.90000 -0.58778525229241973538
93.00000 -0.00000000000007251642
93.10000 0.58778525229248634876
93.20000 0.95105651629515086665
93.30000 0.95105651629512877321
93.40000 0.58778525229242839512
93.50000 -0.00000000000003038981
93.60000 -0.58778525229247757800
93.70000 -0.95105651629514753598
93.80000 -0.95105651629513210388
93.90000 -0.58778525229243716588
94.00000 0.00000000000001960920
94.10000 0.58778525229246880723
94.20000 0.95105651629514420531
94.30000 0.95105651629513543455
94.40000 0.58778525229244582562
94.50000 -0.00000000000000882860
94.60000 -0.58778525229246014749
94.70000 -0.95105651629514087464
94.80000 -0.95105651629513876522
94.90000 -0.58778525229245459638
95.00000 -0.00000000000000195201
95.10000 0.58778525229254341422
95.20000 0.95105651629513754397
95.30000 0.95105651629514209588
95.40000 0.58778525229246325612
95.50000 0.00000000000001273261
95.60000 -0.58778525229253464346
95.70000 -0.95105651629516940737
95.80000 -0.95105651629514542655
95.90000 -0.58778525229247202688
96.00000 -0.00000000000002351322
96.10000 0.58778525229252598372
96.20000 0.95105651629516607670
96.30000 0.95105651629514875722
96.40000 0.58778525229248068662
96.50000 0.00000000000003429382
96.60000 -0.58778525229251721296
96.70000 -0.95105651629516274603
96.80000 -0.95105651629515208789
96.90000 -0.58778525229248945738
97.00000 -0.00000000000004507443
97.10000 0.58778525229250855322
97.20000 0.95105651629515941536
97.30000 0.95105651629515541856
97.40000 0.58778525229249822814
97.50000 0.00000000000005585504
97.60000 -0.58778525229249978246
97.70000 -0.95105651629515608469
97.80000 -0.95105651629512366618
97.90000 -0.58778525229250688788
98.00000 -0.00000000000006663564
98.10000 0.58778525229249101169
98.20000 0.95105651629515275403
98.30000 0.95105651629512699685
98.40000 0.58778525229242362116
98.50000 0.00000000000007741625
98.60000 -0.58778525229248235195
98.70000 -0.95105651629514942336
98.80000 -0.95105651629513032752
98.90000 -0.58778525229243239192
99.00000 0.00000000000002548998
99.10000 0.58778525229247358119
99.20000 0.95105651629514609269
99.30000 0.95105651629513365819
99.40000 0.58778525229244105166
99.50000 -0.00000000000001470938
99.60000 -0.58778525229246492145
99.70000 -0.95105651629514276202
99.80000 -0.95105651629513698886
99.90000 -0.58778525229244982242
100.00000 0.00000000000000392877
