0.05000 0.30901699437494739575
0.10000 0.58778525229247313710
0.15000 0.80901699437494745126
0.20000 0.95105651629515353118
0.25000 1.00000000000000000000
0.30000 0.95105651629515353118
0.35000 0.80901699437494745126
0.40000 0.58778525229247324813
0.45000 0.30901699437494750677
0.50000 0.00000000000000012246
0.55000 -0.30901699437494772882
0.60000 -0.58778525229247335915
0.65000 -0.80901699437494734024
0.70000 -0.95105651629515353118
0.75000 -1.00000000000000000000
0.80000 -0.95105651629515364220
0.85000 -0.80901699437494700717
0.90000 -0.58778525229247335915
0.95000 -0.30901699437494761780
1.00000 -0.00000000000000024493
1.05000 0.30901699437494717371
1.10000 0.58778525229247358119
1.15000 0.80901699437494778433
1.20000 0.95105651629515375323
1.25000 1.00000000000000000000
1.30000 0.95105651629515364220
1.35000 0.80901699437494767331
1.40000 0.58778525229247335915
1.45000 0.30901699437494606348
1.50000 0.00000000000000036739
1.55000 -0.30901699437494706268
1.60000 -0.58778525229247280404
1.65000 -0.80901699437494722922
1.70000 -0.95105651629515397527
1.75000 -1.00000000000000000000
1.80000 -0.95105651629515375323
1.85000 -0.80901699437494767331
1.90000 -0.58778525229247347017
1.95000 -0.30901699437494617451
2.00000 -0.00000000000000048986
2.05000 0.30901699437494861700
2.10000 0.58778525229247269301
2.15000 0.80901699437494711820
2.20000 0.95105651629515397527
2.25000 1.00000000000000000000
2.30000 0.95105651629515319812
2.35000 0.80901699437494778433
2.40000 0.58778525229247213790
2.45000 0.30901699437494628553
2.50000 0.00000000000000061232
2.55000 -0.30901699437494850597
2.60000 -0.58778525229247258199
2.65000 -0.80901699437494811740
2.70000 -0.95105651629515342016
2.75000 -1.00000000000000000000
2.80000 -0.95105651629515375323
2.85000 -0.80901699437494678513
2.90000 -0.58778525229247080564
2.95000 -0.30901699437494639655
3.00000 -0.00000000000000073479
3.05000 0.30901699437494839495
3.10000 0.58778525229247247097
3.15000 0.80901699437494800637
3.20000 0.95105651629515330914
3.25000 1.00000000000000000000
3.30000 0.95105651629515386425
3.35000 0.80901699437494689615
3.40000 0.58778525229247091666
3.45000 0.30901699437494656308
3.50000 0.00000000000000085725
3.55000 -0.30901699437494828393
3.60000 -0.58778525229247247097
3.65000 -0.80901699437494789535
3.70000 -0.95105651629515330914
3.75000 -1.00000000000000000000
3.80000 -0.95105651629515386425
3.85000 -0.80901699437494689615
3.90000 -0.58778525229247102768
3.95000 -0.30901699437494667411
4.00000 -0.00000000000000097972
4.05000 0.30901699437494478673
4.10000 0.58778525229247513550
4.15000 0.80901699437494789535
4.20000 0.95105651629515330914
4.25000 1.00000000000000000000
4.30000 0.95105651629515386425
4.35000 0.80901699437494700717
4.40000 0.58778525229247113870
4.45000 0.30901699437494678513
4.50000 0.00000000000000110218
4.55000 -0.30901699437494467571
4.60000 -0.58778525229247513550
4.65000 -0.80901699437494778433
4.70000 -0.95105651629515319812
4.75000 -1.00000000000000000000
4.80000 -0.95105651629515286505
4.85000 -0.80901699437494711820
4.90000 -0.58778525229247124972
4.95000 -0.30901699437494689615
5.00000 -0.00000000000000122465
5.05000 0.30901699437495133704
5.10000 0.58778525229247502448
5.15000 0.80901699437494978273
5.20000 0.95105651629515319812
5.25000 1.00000000000000000000
5.30000 0.95105651629515286505
5.35000 0.80901699437494500877
5.40000 0.58778525229247424733
5.45000 0.30901699437494700717
5.50000 0.00000000000000489983
5.55000 -0.30901699437495122602
5.60000 -0.58778525229247202688
5.65000 -0.80901699437494767331
5.70000 -0.95105651629515419732
5.75000 -1.00000000000000000000
5.80000 -0.95105651629515186585
5.85000 -0.80901699437494722922
5.90000 -0.58778525229247147177
5.95000 -0.30901699437495050438
6.00000 -0.00000000000000146958
6.05000 0.30901699437494772882
6.10000 0.58778525229247480244
6.15000 0.80901699437494967171
6.20000 0.95105651629515308709
6.25000 1.00000000000000000000
6.30000 0.95105651629515297607
6.35000 0.80901699437494523082
6.40000 0.58778525229247435835
6.45000 0.30901699437494722922
6.50000 -0.00000000000000196067
6.55000 -0.30901699437495094847
6.60000 -0.58778525229247180484
6.65000 -0.80901699437494756229
6.70000 -0.95105651629515419732
6.75000 -1.00000000000000000000
6.80000 -0.95105651629515186585
6.85000 -0.80901699437494734024
6.90000 -0.58778525229247158279
6.95000 -0.30901699437495072642
7.00000 -0.00000000000000171451
7.05000 0.30901699437494745126
7.10000 0.58778525229247458039
7.15000 0.80901699437494956069
7.20000 0.95105651629515297607
7.25000 1.00000000000000000000
7.30000 0.95105651629515297607
7.35000 0.80901699437494534184
7.40000 0.58778525229247458039
7.45000 0.30901699437494745126
7.50000 0.00000000000000538968
7.55000 -0.30901699437495072642
7.60000 -0.58778525229247158279
7.65000 -0.80901699437494734024
7.70000 -0.95105651629515408629
7.75000 -1.00000000000000000000
7.80000 -0.95105651629515197687
7.85000 -0.80901699437494756229
7.90000 -0.58778525229247180484
7.95000 -0.30901699437495094847
8.00000 -0.00000000000000195943
8.05000 0.30901699437494722922
8.10000 0.58778525229246869621
8.15000 0.80901699437494933864
8.20000 0.95105651629515519652
8.25000 1.00000000000000000000
8.30000 0.95105651629515308709
8.35000 0.80901699437494967171
8.40000 0.58778525229247480244
8.45000 0.30901699437494095646
8.50000 -0.00000000000000147081
8.55000 -0.30901699437495050438
8.60000 -0.58778525229247147177
8.65000 -0.80901699437494722922
8.70000 -0.95105651629515397527
8.75000 -1.00000000000000000000
8.80000 -0.95105651629515208789
8.85000 -0.80901699437495178113
8.90000 -0.58778525229247202688
8.95000 -0.30901699437494445366
9.00000 -0.00000000000000220436
9.05000 0.30901699437494700717
9.10000 0.58778525229246847417
9.15000 0.80901699437494922762
9.20000 0.95105651629515508549
9.25000 1.00000000000000000000
9.30000 0.95105651629515319812
9.35000 0.80901699437494978273
9.40000 0.58778525229247502448
9.45000 0.30901699437494117850
9.50000 0.00000000000000587954
9.55000 -0.30901699437495028233
9.60000 -0.58778525229247702288
9.65000 -0.80901699437494711820
9.70000 -0.95105651629515397527
9.75000 -1.00000000000000000000
9.80000 -0.95105651629515208789
9.85000 -0.80901699437494367650
9.90000 -0.58778525229247224893
9.95000 -0.30901699437494467571
10.00000 -0.00000000000000244929
10.05000 0.30901699437494678513
10.10000 0.58778525229247979844
10.15000 0.80901699437494911660
10.20000 0.95105651629515497447
10.25000 1.00000000000000000000
10.30000 0.95105651629515108869
10.35000 0.80901699437494156708
10.40000 0.58778525229247513550
10.45000 0.30901699437494817291
10.50000 -0.00000000000000098096
10.55000 -0.30901699437495006029
10.60000 -0.58778525229247680084
10.65000 -0.80901699437495111500
10.70000 -0.95105651629515608469
10.75000 -1.00000000000000000000
10.80000 -0.95105651629515441936
10.85000 -0.80901699437493956868
10.90000 -0.58778525229247235995
10.95000 -0.30901699437494489775
11.00000 -0.00000000000000979965
11.05000 0.30901699437495327993
11.10000 0.58778525229247957640
11.15000 0.80901699437494478673
11.20000 0.95105651629515275403
11.25000 1.00000000000000000000
11.30000 0.95105651629515330914
11.35000 0.80901699437494589695
11.40000 0.58778525229246958439
11.45000 0.30901699437494162259
11.50000 0.00000000000000636940
11.55000 -0.30901699437494306588
11.60000 -0.58778525229248235195
11.65000 -0.80901699437494678513
11.70000 -0.95105651629515375323
11.75000 -1.00000000000000000000
11.80000 -0.95105651629515230994
11.85000 -0.80901699437494389855
11.90000 -0.58778525229247835515
11.95000 -0.30901699437493840295
12.00000 -0.00000000000000293915
12.05000 0.30901699437494628553
12.10000 0.58778525229247358119
12.15000 0.80901699437494878353
12.20000 0.95105651629515486345
12.25000 1.00000000000000000000
12.30000 0.95105651629515119971
12.35000 0.80901699437494190015
12.40000 0.58778525229247557959
12.45000 0.30901699437494861700
12.50000 -0.00000000000000049110
12.55000 -0.30901699437494956069
12.60000 -0.58778525229247635675
12.65000 -0.80901699437495078193
12.70000 -0.95105651629515586265
12.75000 -1.00000000000000000000
12.80000 -0.95105651629515453038
12.85000 -0.80901699437493990175
12.90000 -0.58778525229247280404
12.95000 -0.30901699437494539735
13.00000 0.00000000000000392135
13.05000 0.30901699437495283584
13.10000 0.58778525229247913231
13.15000 0.80901699437494445366
13.20000 0.95105651629515253198
13.25000 1.00000000000000000000
13.30000 0.95105651629515353118
13.35000 0.80901699437494623002
13.40000 0.58778525229247002848
13.45000 0.30901699437494212219
13.50000 0.00000000000000685926
13.55000 -0.30901699437494256628
13.60000 -0.58778525229248190787
13.65000 -0.80901699437494645206
13.70000 -0.95105651629515364220
13.75000 -1.00000000000000000000
13.80000 -0.95105651629515242096
13.85000 -0.80901699437494423162
13.90000 -0.58778525229247879924
13.95000 -0.30901699437493884703
14.00000 -0.00000000000000342901
14.05000 0.30901699437494584144
14.10000 0.58778525229247324813
14.15000 0.80901699437494856149
14.20000 0.95105651629515464140
14.25000 1.00000000000000000000
14.30000 0.95105651629515131074
14.35000 0.80901699437494223321
14.40000 0.58778525229247602368
14.45000 0.30901699437494911660
14.50000 -0.00000000000000000124
14.55000 -0.30901699437494911660
14.60000 -0.58778525229247602368
14.65000 -0.80901699437495055989
14.70000 -0.95105651629515575163
14.75000 -1.00000000000000000000
14.80000 -0.95105651629515464140
14.85000 -0.80901699437494012379
14.90000 -0.58778525229247324813
14.95000 -0.30901699437494584144
15.00000 -0.00000000000001077937
15.05000 0.30901699437495239176
15.10000 0.58778525229247879924
15.15000 0.80901699437494423162
15.20000 0.95105651629515242096
15.25000 1.00000000000000000000
15.30000 0.95105651629515364220
15.35000 0.80901699437494645206
15.40000 0.58778525229247047257
15.45000 0.30901699437494256628
15.50000 0.00000000000000734912
15.55000 -0.30901699437494212219
15.60000 -0.58778525229248157480
15.65000 -0.80901699437494623002
15.70000 -0.95105651629515353118
15.75000 -1.00000000000000000000
15.80000 -0.95105651629515253198
15.85000 -0.80901699437494445366
15.90000 -0.58778525229247913231
15.95000 -0.30901699437493929112
16.00000 -0.00000000000000391887
16.05000 0.30901699437494539735
16.10000 0.58778525229247280404
16.15000 0.80901699437495655509
16.20000 0.95105651629515020051
16.25000 1.00000000000000000000
16.30000 0.95105651629515153278
16.35000 0.80901699437494245526
16.40000 0.58778525229246492145
16.45000 0.30901699437494956069
16.50000 0.00000000000000048862
16.55000 -0.30901699437494861700
16.60000 -0.58778525229247557959
16.65000 -0.80901699437495022682
16.70000 -0.95105651629515119971
16.75000 -1.00000000000000000000
16.80000 -0.95105651629515486345
16.85000 -0.80901699437494045686
16.90000 -0.58778525229246214590
16.95000 -0.30901699437495983025
17.00000 0.00000000000000294163
17.05000 0.30901699437495189215
17.10000 0.58778525229247835515
17.15000 0.80901699437495222522
17.20000 0.95105651629515230994
17.25000 1.00000000000000000000
17.30000 0.95105651629515375323
17.35000 0.80901699437494678513
17.40000 0.58778525229247080564
17.45000 0.30901699437495655509
17.50000 0.00000000000000783898
17.55000 -0.30901699437494162259
17.60000 -0.58778525229248113071
17.65000 -0.80901699437495433465
17.70000 -0.95105651629514897927
17.75000 -1.00000000000000000000
17.80000 -0.95105651629515275403
17.85000 -0.80901699437494478673
17.90000 -0.58778525229246803008
17.95000 -0.30901699437495327993
18.00000 -0.00000000000000440873
18.05000 0.30901699437494489775
18.10000 0.58778525229247247097
18.15000 0.80901699437495633305
18.20000 0.95105651629514997847
18.25000 1.00000000000000000000
18.30000 0.95105651629515164380
18.35000 0.80901699437494278833
18.40000 0.58778525229246525452
18.45000 0.30901699437495000478
18.50000 0.00000000000000097848
18.55000 -0.30901699437494817291
18.60000 -0.58778525229247524653
18.65000 -0.80901699437495000478
18.70000 -0.95105651629515108869
18.75000 -1.00000000000000000000
18.80000 -0.95105651629515497447
18.85000 -0.80901699437494078992
18.90000 -0.58778525229246247896
18.95000 -0.30901699437496027434
19.00000 -0.00000000000001175909
19.05000 0.30901699437495144807
19.10000 0.58778525229247802208
19.15000 0.80901699437495200318
19.20000 0.95105651629515652878
19.25000 1.00000000000000000000
19.30000 0.95105651629515397527
19.35000 0.80901699437494711820
19.40000 0.58778525229247124972
19.45000 0.30901699437492996525
19.50000 0.00000000000000832884
19.55000 -0.30901699437494117850
19.60000 -0.58778525229248079764
19.65000 -0.80901699437495400158
19.70000 -0.95105651629515752798
19.75000 -1.00000000000000000000
19.80000 -0.95105651629515286505
19.85000 -0.80901699437494500877
19.90000 -0.58778525229246847417
19.95000 -0.30901699437494023481
20.00000 -0.00000000000000489859
20.05000 0.30901699437494445366
20.10000 0.58778525229247202688
20.15000 0.80901699437495599998
20.20000 0.95105651629515863821
20.25000 1.00000000000000000000
20.30000 0.95105651629515186585
20.35000 0.80901699437494301037
20.40000 0.58778525229246569861
20.45000 0.30901699437492347045
20.50000 0.00000000000001567919
20.55000 -0.30901699437494772882
20.60000 -0.58778525229248623774
20.65000 -0.80901699437494967171
20.70000 -0.95105651629515963741
20.75000 -1.00000000000000000000
20.80000 -0.95105651629515519652
20.85000 -0.80901699437494101197
20.90000 -0.58778525229247435835
20.95000 -0.30901699437493374001
21.00000 0.00000000000000196191
21.05000 0.30901699437493745926
21.10000 0.58778525229247757800
21.15000 0.80901699437495999678
21.20000 0.95105651629515630674
21.25000 1.00000000000000000000
21.30000 0.95105651629514964540
21.35000 0.80901699437494734024
21.40000 0.58778525229246014749
21.45000 0.30901699437494395406
21.50000 0.00000000000000881869
21.55000 -0.30901699437495422362
21.60000 -0.58778525229246880723
21.65000 -0.80901699437495366851
21.70000 -0.95105651629516185785
21.75000 -1.00000000000000000000
21.80000 -0.95105651629515297607
21.85000 -0.80901699437493701517
21.90000 -0.58778525229246880723
21.95000 -0.30901699437492718969
22.00000 -0.00000000000001959930
22.05000 0.30901699437494395406
22.10000 0.58778525229248312911
22.15000 0.80901699437494734024
22.20000 0.95105651629515852719
22.25000 1.00000000000000000000
22.30000 0.95105651629515630674
22.35000 0.80901699437494334344
22.40000 0.58778525229247757800
22.45000 0.30901699437493745926
22.50000 0.00000000000000195820
22.55000 -0.30901699437493374001
22.60000 -0.58778525229247435835
22.65000 -0.80901699437495777634
22.70000 -0.95105651629515519652
22.75000 -1.00000000000000000000
22.80000 -0.95105651629515086665
22.85000 -0.80901699437494967171
22.90000 -0.58778525229246325612
22.95000 -0.30901699437494772882
23.00000 -0.00000000000001273880
23.05000 0.30901699437495050438
23.10000 0.58778525229246569861
23.15000 0.80901699437495144807
23.20000 0.95105651629516063661
23.25000 1.00000000000000000000
23.30000 0.95105651629515419732
23.35000 0.80901699437493934663
23.40000 0.58778525229247202688
23.45000 0.30901699437493090894
23.50000 -0.00000000000000490230
23.55000 -0.30901699437494023481
23.60000 -0.58778525229247990946
23.65000 -0.80901699437494500877
23.70000 -0.95105651629515730594
23.75000 -1.00000000000000000000
23.80000 -0.95105651629515752798
23.85000 -0.80901699437494567491
23.90000 -0.58778525229245770500
23.95000 -0.30901699437494117850
24.00000 -0.00000000000000587830
24.05000 0.30901699437495699918
24.10000 0.58778525229247124972
24.15000 0.80901699437495544487
24.20000 0.95105651629515397527
24.25000 1.00000000000000000000
24.30000 0.95105651629515208789
24.35000 0.80901699437495200318
24.40000 0.58778525229246647577
24.45000 0.30901699437492441414
24.50000 0.00000000000001665891
24.55000 -0.30901699437494678513
24.60000 -0.58778525229248546058
24.65000 -0.80901699437494911660
24.70000 -0.95105651629515941536
24.75000 -1.00000000000000000000
24.80000 -0.95105651629515541856
24.85000 -0.80901699437494156708
24.90000 -0.58778525229247513550
24.95000 -0.30901699437493462819
25.00000 0.00000000000000098219
25.05000 0.30901699437493651557
25.10000 0.58778525229247680084
25.15000 0.80901699437495944167
25.20000 0.95105651629515608469
25.25000 1.00000000000000000000
25.30000 0.95105651629514997847
25.35000 0.80901699437494789535
25.40000 0.58778525229246092465
25.45000 0.30901699437494489775
25.50000 0.00000000000000979841
25.55000 -0.30901699437495327993
25.60000 -0.58778525229246803008
25.65000 -0.80901699437495311340
25.70000 -0.95105651629516152479
25.75000 -1.00000000000000000000
25.80000 -0.95105651629515330914
25.85000 -0.80901699437493757028
25.90000 -0.58778525229246958439
25.95000 -0.30901699437492813338
26.00000 0.00000000000000784269
26.05000 0.30901699437494306588
26.10000 0.58778525229248235195
26.15000 0.80901699437494678513
26.20000 0.95105651629515819412
26.25000 1.00000000000000000000
26.30000 0.95105651629515663981
26.35000 0.80901699437494389855
26.40000 0.58778525229247835515
26.45000 0.30901699437493840295
26.50000 0.00000000000000293791
26.55000 -0.30901699437493279632
26.60000 -0.58778525229247358119
26.65000 -0.80901699437495711020
26.70000 -0.95105651629515486345
26.75000 -1.00000000000000000000
26.80000 -0.95105651629515119971
26.85000 -0.80901699437495022682
26.90000 -0.58778525229246403327
26.95000 -0.30901699437494861700
27.00000 -0.00000000000001371852
27.05000 0.30901699437494956069
27.10000 0.58778525229246492145
27.15000 0.80901699437495078193
27.20000 0.95105651629516030354
27.25000 1.00000000000000000000
27.30000 0.95105651629515453038
27.35000 0.80901699437493990175
27.40000 0.58778525229247280404
27.45000 0.30901699437493185263
27.50000 -0.00000000000000392258
27.55000 -0.30901699437493929112
27.60000 -0.58778525229247913231
27.65000 -0.80901699437494445366
27.70000 -0.95105651629515697287
27.75000 -1.00000000000000000000
27.80000 -0.95105651629515786105
27.85000 -0.80901699437494623002
27.90000 -0.58778525229245859318
27.95000 -0.30901699437494212219
28.00000 -0.00000000000000685802
28.05000 0.30901699437495611100
28.10000 0.58778525229247047257
28.15000 0.80901699437495488976
28.20000 0.95105651629515364220
28.25000 1.00000000000000000000
28.30000 0.95105651629515242096
28.35000 0.80901699437495255829
28.40000 0.58778525229246725292
28.45000 0.30901699437492535782
28.50000 0.00000000000001763863
28.55000 -0.30901699437494584144
28.60000 -0.58778525229248468342
28.65000 -0.80901699437494856149
28.70000 -0.95105651629515908230
28.75000 -1.00000000000000000000
28.80000 -0.95105651629515575163
28.85000 -0.80901699437494223321
28.90000 -0.58778525229247602368
28.95000 -0.30901699437493557188
29.00000 0.00000000000000000248
29.05000 0.30901699437493557188
29.10000 0.58778525229247602368
29.15000 0.80901699437495888656
29.20000 0.95105651629515575163
29.25000 1.00000000000000000000
29.30000 0.95105651629515031154
29.35000 0.80901699437494856149
29.40000 0.58778525229246170181
29.45000 0.30901699437494584144
29.50000 0.00000000000001077813
29.55000 -0.30901699437495239176
29.60000 -0.58778525229246725292
29.65000 -0.80901699437495255829
29.70000 -0.95105651629516119172
29.75000 -1.00000000000000000000
29.80000 -0.95105651629515364220
29.85000 -0.80901699437493812539
29.90000 -0.58778525229247047257
29.95000 -0.30901699437492907707
30.00000 -0.00000000000002155874
30.05000 0.30901699437494212219
30.10000 0.58778525229248157480
30.15000 0.80901699437494623002
30.20000 0.95105651629515786105
30.25000 1.00000000000000000000
30.30000 0.95105651629515697287
30.35000 0.80901699437494445366
30.40000 0.58778525229247913231
30.45000 0.30901699437493929112
30.50000 0.00000000000000391763
30.55000 -0.30901699437493185263
30.60000 -0.58778525229247280404
30.65000 -0.80901699437495655509
30.70000 -0.95105651629515453038
30.75000 -1.00000000000000000000
30.80000 -0.95105651629515153278
30.85000 -0.80901699437495078193
30.90000 -0.58778525229246492145
30.95000 -0.30901699437494956069
31.00000 -0.00000000000001469824
31.05000 0.30901699437494861700
31.10000 0.58778525229246414430
31.15000 0.80901699437495022682
31.20000 0.95105651629515997048
31.25000 1.00000000000000000000
31.30000 0.95105651629515486345
31.35000 0.80901699437494045686
31.40000 0.58778525229247358119
31.45000 0.30901699437493279632
31.50000 -0.00000000000000294287
31.55000 -0.30901699437493840295
31.60000 -0.58778525229247835515
31.65000 -0.80901699437494389855
31.70000 -0.95105651629515663981
31.75000 -1.00000000000000000000
31.80000 -0.95105651629515819412
31.85000 -0.80901699437494678513
31.90000 -0.58778525229245937034
31.95000 -0.30901699437494306588
32.00000 -0.00000000000000783774
32.05000 0.30901699437495516731
32.10000 0.58778525229246969541
32.15000 0.80901699437493757028
32.20000 0.95105651629515330914
32.25000 1.00000000000000000000
32.30000 0.95105651629514398326
32.35000 0.80901699437495311340
32.40000 0.58778525229249101169
32.45000 0.30901699437492624600
32.50000 0.00000000000001861835
32.55000 -0.30901699437497193168
32.60000 -0.58778525229248390627
32.65000 -0.80901699437493124201
32.70000 -0.95105651629515874923
32.75000 -1.00000000000000000000
32.80000 -0.95105651629514731393
32.85000 -0.80901699437494278833
32.90000 -0.58778525229247680084
32.95000 -0.30901699437493651557
33.00000 -0.00000000000000097724
33.05000 0.30901699437496166212
33.10000 0.58778525229247524653
33.15000 0.80901699437494156708
33.20000 0.95105651629515541856
33.25000 1.00000000000000000000
33.30000 0.95105651629515064460
33.35000 0.80901699437494911660
33.40000 0.58778525229248546058
33.45000 0.30901699437494678513
33.50000 0.00000000000001175785
33.55000 -0.30901699437497848200
33.60000 -0.58778525229246647577
33.65000 -0.80901699437493523881
33.70000 -0.95105651629516085865
33.75000 -1.00000000000000000000
33.80000 -0.95105651629514520451
33.85000 -0.80901699437493868050
33.90000 -0.58778525229249423134
33.95000 -0.30901699437492996525
34.00000 0.00000000000000588326
34.05000 0.30901699437496821243
34.10000 0.58778525229248079764
34.15000 0.80901699437492891054
34.20000 0.95105651629515752798
34.25000 1.00000000000000000000
34.30000 0.95105651629514853518
34.35000 0.80901699437494500877
34.40000 0.58778525229247990946
34.45000 0.30901699437494023481
34.50000 0.00000000000000489735
34.55000 -0.30901699437495794287
34.60000 -0.58778525229247202688
34.65000 -0.80901699437493934663
34.70000 -0.95105651629515419732
34.75000 -1.00000000000000000000
34.80000 -0.95105651629515186585
34.85000 -0.80901699437495144807
34.90000 -0.58778525229248868023
34.95000 -0.30901699437495050438
35.00000 -0.00000000000001567795
35.05000 0.30901699437497476275
35.10000 0.58778525229246325612
35.15000 0.80901699437493301836
35.20000 0.95105651629515963741
35.25000 1.00000000000000000000
35.30000 0.95105651629514631473
35.35000 0.80901699437494101197
35.40000 0.58778525229249733997
35.45000 0.30901699437493374001
35.50000 -0.00000000000000196315
35.55000 -0.30901699437496449319
35.60000 -0.58778525229247757800
35.65000 -0.80901699437494334344
35.70000 -0.95105651629515630674
35.75000 -1.00000000000000000000
35.80000 -0.95105651629514964540
35.85000 -0.80901699437494734024
35.90000 -0.58778525229248312911
35.95000 -0.30901699437494395406
36.00000 -0.00000000000000881746
36.05000 0.30901699437495422362
36.10000 0.58778525229246880723
36.15000 0.80901699437493701517
36.20000 0.95105651629515297607
36.25000 1.00000000000000000000
36.30000 0.95105651629514420531
36.35000 0.80901699437495366851
36.40000 0.58778525229249178885
36.45000 0.30901699437492718969
36.50000 0.00000000000001959806
36.55000 -0.30901699437497098799
36.60000 -0.58778525229248312911
36.65000 -0.80901699437493068690
36.70000 -0.95105651629515852719
36.75000 -1.00000000000000000000
36.80000 -0.95105651629514753598
36.85000 -0.80901699437494334344
36.90000 -0.58778525229247757800
36.95000 -0.30901699437493745926
37.00000 -0.00000000000000195696
37.05000 0.30901699437496077394
37.10000 0.58778525229247435835
37.15000 0.80901699437494101197
37.20000 0.95105651629515519652
37.25000 1.00000000000000000000
37.30000 0.95105651629515086665
37.35000 0.80901699437494967171
37.40000 0.58778525229248623774
37.45000 0.30901699437494767331
37.50000 0.00000000000001273756
37.55000 -0.30901699437497753831
37.60000 -0.58778525229246569861
37.65000 -0.80901699437493468370
37.70000 -0.95105651629516063661
37.75000 -1.00000000000000000000
37.80000 -0.95105651629514542655
37.85000 -0.80901699437493934663
37.90000 -0.58778525229249500850
37.95000 -0.30901699437493090894
38.00000 -0.00000000000002351817
38.05000 0.30901699437496726874
38.10000 0.58778525229247990946
38.15000 0.80901699437492835543
38.20000 0.95105651629515730594
38.25000 1.00000000000000000000
38.30000 0.95105651629514875722
38.35000 0.80901699437494567491
38.40000 0.58778525229245770500
38.45000 0.30901699437494117850
38.50000 0.00000000000000587707
38.55000 -0.30901699437495705469
38.60000 -0.58778525229247124972
38.65000 -0.80901699437495544487
38.70000 -0.95105651629515397527
38.75000 -1.00000000000000000000
38.80000 -0.95105651629515208789
38.85000 -0.80901699437495200318
38.90000 -0.58778525229244349415
38.95000 -0.30901699437495144807
39.00000 -0.00000000000001665767
39.05000 0.30901699437497381906
39.10000 0.58778525229246247896
39.15000 0.80901699437496576994
39.20000 0.95105651629515941536
39.25000 1.00000000000000000000
39.30000 0.95105651629514664780
39.35000 0.80901699437494156708
39.40000 0.58778525229245215389
39.45000 0.30901699437493462819
39.50000 -0.00000000000000098343
39.55000 -0.30901699437496354950
39.60000 -0.58778525229247680084
39.65000 -0.80901699437495944167
39.70000 -0.95105651629515608469
39.75000 -1.00000000000000000000
39.80000 -0.95105651629514997847
39.85000 -0.80901699437494789535
39.90000 -0.58778525229246092465
39.95000 -0.30901699437494489775
40.00000 -0.00000000000000979717
40.05000 0.30901699437495327993
40.10000 0.58778525229246803008
40.15000 0.80901699437496987777
40.20000 0.95105651629515275403
40.25000 1.00000000000000000000
40.30000 0.95105651629514453838
40.35000 0.80901699437495422362
40.40000 0.58778525229244660277
40.45000 0.30901699437492813338
40.50000 0.00000000000002057778
40.55000 -0.30901699437497009981
40.60000 -0.58778525229248235195
40.65000 -0.80901699437496354950
40.70000 -0.95105651629515819412
40.75000 -1.00000000000000000000
40.80000 -0.95105651629514786904
40.85000 -0.80901699437494389855
40.90000 -0.58778525229243239192
40.95000 -0.30901699437496543688
41.00000 -0.00000000000003135839
41.05000 0.30901699437495983025
41.10000 0.58778525229247358119
41.15000 0.80901699437497387457
41.20000 0.95105651629516363421
41.25000 1.00000000000000000000
41.30000 0.95105651629515119971
41.35000 0.80901699437495022682
41.40000 0.58778525229244105166
41.45000 0.30901699437492158307
41.50000 -0.00000000000001470443
41.55000 -0.30901699437494956069
41.60000 -0.58778525229246492145
41.65000 -0.80901699437496754630
41.70000 -0.95105651629516030354
41.75000 -1.00000000000000000000
41.80000 -0.95105651629515453038
41.85000 -0.80901699437495655509
41.90000 -0.58778525229244982242
41.95000 -0.30901699437493185263
42.00000 0.00000000000000392382
42.05000 0.30901699437493929112
42.10000 0.58778525229245615069
42.15000 0.80901699437496121803
42.20000 0.95105651629515697287
42.25000 1.00000000000000000000
42.30000 0.95105651629514031953
42.35000 0.80901699437496288336
42.40000 0.58778525229245848216
42.45000 0.30901699437494212219
42.50000 0.00000000000000685678
42.55000 -0.30901699437498314493
42.60000 -0.58778525229249345418
42.65000 -0.80901699437495488976
42.70000 -0.95105651629515364220
42.75000 -1.00000000000000000000
42.80000 -0.95105651629514365020
42.85000 -0.80901699437493579392
42.90000 -0.58778525229246725292
42.95000 -0.30901699437495233624
43.00000 -0.00000000000001763739
43.05000 0.30901699437497287537
43.10000 0.58778525229248468342
43.15000 0.80901699437494856149
43.20000 0.95105651629515031154
43.25000 1.00000000000000000000
43.30000 0.95105651629514698087
43.35000 0.80901699437494223321
43.40000 0.58778525229242994943
43.45000 0.30901699437496260581
43.50000 0.00000000000002841800
43.55000 -0.30901699437496260581
43.60000 -0.58778525229247602368
43.65000 -0.80901699437497565093
43.70000 -0.95105651629516452239
43.75000 -1.00000000000000000000
43.80000 -0.95105651629515031154
43.85000 -0.80901699437494856149
43.90000 -0.58778525229243872019
43.95000 -0.30901699437491880751
44.00000 -0.00000000000003919860
44.05000 0.30901699437495239176
44.10000 0.58778525229246725292
44.15000 0.80901699437496921163
44.20000 0.95105651629516119172
44.25000 1.00000000000000000000
44.30000 0.95105651629515364220
44.35000 0.80901699437495488976
44.40000 0.58778525229244749095
44.45000 0.30901699437492907707
44.50000 -0.00000000000000686421
44.55000 -0.30901699437494212219
44.60000 -0.58778525229245859318
44.65000 -0.80901699437496288336
44.70000 -0.95105651629515786105
44.75000 -1.00000000000000000000
44.80000 -0.95105651629515697287
44.85000 -0.80901699437496121803
44.90000 -0.58778525229245615069
44.95000 -0.30901699437493929112
45.00000 -0.00000000000000391639
45.05000 0.30901699437498592049
45.10000 0.58778525229244982242
45.15000 0.80901699437495655509
45.20000 0.95105651629515453038
45.25000 1.00000000000000000000
45.30000 0.95105651629514276202
45.35000 0.80901699437493412859
45.40000 0.58778525229246492145
45.45000 0.30901699437494956069
45.50000 0.00000000000001469700
45.55000 -0.30901699437497565093
45.60000 -0.58778525229248712591
45.65000 -0.80901699437495022682
45.70000 -0.95105651629515119971
45.75000 -1.00000000000000000000
45.80000 -0.95105651629514609269
45.85000 -0.80901699437494045686
45.90000 -0.58778525229247358119
45.95000 -0.30901699437495983025
46.00000 -0.00000000000002547761
46.05000 0.30901699437496543688
46.10000 0.58778525229247835515
46.15000 0.80901699437497731626
46.20000 0.95105651629514786904
46.25000 1.00000000000000000000
46.30000 0.95105651629514942336
46.35000 0.80901699437494678513
46.40000 0.58778525229243638872
46.45000 0.30901699437491603195
46.50000 0.00000000000003625821
46.55000 -0.30901699437495516731
46.60000 -0.58778525229246969541
46.65000 -0.80901699437497098799
46.70000 -0.95105651629516207990
46.75000 -1.00000000000000000000
46.80000 -0.95105651629515275403
46.85000 -0.80901699437495311340
46.90000 -0.58778525229244504846
46.95000 -0.30901699437492624600
47.00000 0.00000000000000980460
47.05000 0.30901699437494489775
47.10000 0.58778525229246092465
47.15000 0.80901699437496465972
47.20000 0.95105651629515874923
47.25000 1.00000000000000000000
47.30000 0.95105651629515608469
47.35000 0.80901699437495944167
47.40000 0.58778525229245381922
47.45000 0.30901699437493651557
47.50000 0.00000000000000097600
47.55000 -0.30901699437498869605
47.60000 -0.58778525229245215389
47.65000 -0.80901699437495833145
47.70000 -0.95105651629515541856
47.75000 -1.00000000000000000000
47.80000 -0.95105651629514187384
47.85000 -0.80901699437493235223
47.90000 -0.58778525229246247896
47.95000 -0.30901699437494678513
48.00000 -0.00000000000001175661
48.05000 0.30901699437497848200
48.10000 0.58778525229248945738
48.15000 0.80901699437495200318
48.20000 0.95105651629515208789
48.25000 1.00000000000000000000
48.30000 0.95105651629514520451
48.35000 0.80901699437493868050
48.40000 0.58778525229247124972
48.45000 0.30901699437495699918
48.50000 0.00000000000002253721
48.55000 -0.30901699437496821243
48.60000 -0.58778525229248079764
48.65000 -0.80901699437494567491
48.70000 -0.95105651629514875722
48.75000 -1.00000000000000000000
48.80000 -0.95105651629514853518
48.85000 -0.80901699437494500877
48.90000 -0.58778525229243394623
48.95000 -0.30901699437496726874
49.00000 -0.00000000000003331782
49.05000 0.30901699437495794287
49.10000 0.58778525229247202688
49.15000 0.80901699437497276435
49.20000 0.95105651629516296808
49.25000 1.00000000000000000000
49.30000 0.95105651629515186585
49.35000 0.80901699437495144807
49.40000 0.58778525229244271699
49.45000 0.30901699437492347045
49.50000 -0.00000000000001274499
49.55000 -0.30901699437494772882
49.60000 -0.58778525229246325612
49.65000 -0.80901699437496632505
49.70000 -0.95105651629515963741
49.75000 -1.00000000000000000000
49.80000 -0.95105651629515519652
49.85000 -0.80901699437495777634
49.90000 -0.58778525229245137673
49.95000 -0.30901699437493374001
50.00000 0.00000000000000196439
50.05000 0.30901699437493745926
50.10000 0.58778525229245459638
50.15000 0.80901699437495999678
50.20000 0.95105651629515630674
50.25000 1.00000000000000000000
50.30000 0.95105651629514087464
50.35000 0.80901699437496410461
50.40000 0.58778525229246014749
50.45000 0.30901699437494395406
50.50000 0.00000000000000881622
50.55000 -0.30901699437498125755
50.60000 -0.58778525229249189987
50.65000 -0.80901699437495366851
50.70000 -0.95105651629515297607
50.75000 -1.00000000000000000000
50.80000 -0.95105651629514420531
50.85000 -0.80901699437493701517
50.90000 -0.58778525229246880723
50.95000 -0.30901699437495422362
51.00000 -0.00000000000001959682
51.05000 0.30901699437497098799
51.10000 0.58778525229248312911
51.15000 0.80901699437494734024
51.20000 0.95105651629514964540
51.25000 1.00000000000000000000
51.30000 0.95105651629514753598
51.35000 0.80901699437494334344
51.40000 0.58778525229243161476
51.45000 0.30901699437496449319
51.50000 0.00000000000003037743
51.55000 -0.30901699437496077394
51.60000 -0.58778525229247435835
51.65000 -0.80901699437497442968
51.70000 -0.95105651629516396728
51.75000 -1.00000000000000000000
51.80000 -0.95105651629515086665
51.85000 -0.80901699437494967171
51.90000 -0.58778525229244027450
51.95000 -0.30901699437492069489
52.00000 0.00000000000001568538
52.05000 0.30901699437495050438
52.10000 0.58778525229246569861
52.15000 0.80901699437496810141
52.20000 0.95105651629516063661
52.25000 1.00000000000000000000
52.30000 0.95105651629515419732
52.35000 0.80901699437495599998
52.40000 0.58778525229244904526
52.45000 0.30901699437493090894
52.50000 -0.00000000000000490478
52.55000 -0.30901699437494023481
52.60000 -0.58778525229245692785
52.65000 -0.80901699437496177314
52.70000 -0.95105651629515730594
52.75000 -1.00000000000000000000
52.80000 -0.95105651629515752798
52.85000 -0.80901699437496232825
52.90000 -0.58778525229245770500
52.95000 -0.30901699437494117850
53.00000 -0.00000000000000587583
53.05000 0.30901699437498403311
53.10000 0.58778525229244826811
53.15000 0.80901699437495544487
53.20000 0.95105651629515397527
53.25000 1.00000000000000000000
53.30000 0.95105651629514331713
53.35000 0.80901699437493523881
53.40000 0.58778525229246647577
53.45000 0.30901699437495144807
53.50000 0.00000000000001665643
53.55000 -0.30901699437497381906
53.60000 -0.58778525229248546058
53.65000 -0.80901699437494911660
53.70000 -0.95105651629515064460
53.75000 -1.00000000000000000000
53.80000 -0.95105651629514664780
53.85000 -0.80901699437494156708
53.90000 -0.58778525229247513550
53.95000 -0.30901699437496166212
54.00000 -0.00000000000002743704
54.05000 0.30901699437496354950
54.10000 0.58778525229247680084
54.15000 0.80901699437497620604
54.20000 0.95105651629514731393
54.25000 1.00000000000000000000
54.30000 0.95105651629514997847
54.35000 0.80901699437494789535
54.40000 0.58778525229243794303
54.45000 0.30901699437491786382
54.50000 0.00000000000003821765
54.55000 -0.30901699437495327993
54.60000 -0.58778525229246803008
54.65000 -0.80901699437496987777
54.70000 -0.95105651629516152479
54.75000 -1.00000000000000000000
54.80000 -0.95105651629515330914
54.85000 -0.80901699437495422362
54.90000 -0.58778525229244660277
54.95000 -0.30901699437492813338
55.00000 0.00000000000000784517
55.05000 0.30901699437494306588
55.10000 0.58778525229245937034
55.15000 0.80901699437496354950
55.20000 0.95105651629515819412
55.25000 1.00000000000000000000
55.30000 0.95105651629515663981
55.35000 0.80901699437496066292
55.40000 0.58778525229245537354
55.45000 0.30901699437493840295
55.50000 0.00000000000000293544
55.55000 -0.30901699437498686418
55.60000 -0.58778525229245059958
55.65000 -0.80901699437495711020
55.70000 -0.95105651629515486345
55.75000 -1.00000000000000000000
55.80000 -0.95105651629514242895
55.85000 -0.80901699437493357348
55.90000 -0.58778525229246403327
55.95000 -0.30901699437494861700
56.00000 -0.00000000000001371604
56.05000 0.30901699437497659462
56.10000 0.58778525229248790307
56.15000 0.80901699437495078193
56.20000 0.95105651629515153278
56.25000 1.00000000000000000000
56.30000 0.95105651629514575962
56.35000 0.80901699437493990175
56.40000 0.58778525229247280404
56.45000 0.30901699437495888656
56.50000 0.00000000000002449665
56.55000 -0.30901699437496632505
56.60000 -0.58778525229247913231
56.65000 -0.80901699437494445366
56.70000 -0.95105651629514820211
56.75000 -1.00000000000000000000
56.80000 -0.95105651629514909029
56.85000 -0.80901699437494623002
56.90000 -0.58778525229243550054
56.95000 -0.30901699437496915612
57.00000 -0.00000000000003527726
57.05000 0.30901699437495611100
57.10000 0.58778525229247047257
57.15000 0.80901699437497154310
57.20000 0.95105651629516241297
57.25000 1.00000000000000000000
57.30000 0.95105651629515242096
57.35000 0.80901699437495255829
57.40000 0.58778525229244427130
57.45000 0.30901699437492530231
57.50000 -0.00000000000001078556
57.55000 -0.30901699437494584144
57.60000 -0.58778525229246170181
57.65000 -0.80901699437496521483
57.70000 -0.95105651629515908230
57.75000 -1.00000000000000000000
57.80000 -0.95105651629515575163
57.85000 -0.80901699437495888656
57.90000 -0.58778525229245293104
57.95000 -0.30901699437493557188
58.00000 0.00000000000000000495
58.05000 0.30901699437493557188
58.10000 0.58778525229245304207
58.15000 0.80901699437495888656
58.20000 0.95105651629515575163
58.25000 1.00000000000000000000
58.30000 0.95105651629514154077
58.35000 0.80901699437496521483
58.40000 0.58778525229246170181
58.45000 0.30901699437494584144
58.50000 0.00000000000001077565
58.55000 -0.30901699437497942569
58.60000 -0.58778525229249023454
58.65000 -0.80901699437495255829
58.70000 -0.95105651629515242096
58.75000 -1.00000000000000000000
58.80000 -0.95105651629514487144
58.85000 -0.80901699437493812539
58.90000 -0.58778525229247047257
58.95000 -0.30901699437495611100
59.00000 -0.00000000000002155626
59.05000 0.30901699437496915612
59.10000 0.58778525229248157480
59.15000 0.80901699437494623002
59.20000 0.95105651629514909029
59.25000 1.00000000000000000000
59.30000 0.95105651629514820211
59.35000 0.80901699437494445366
59.40000 0.58778525229243316907
59.45000 0.30901699437496632505
59.50000 0.00000000000003233687
59.55000 -0.30901699437495888656
59.60000 -0.58778525229247280404
59.65000 -0.80901699437497331946
59.70000 -0.95105651629516330114
59.75000 -1.00000000000000000000
59.80000 -0.95105651629515153278
59.85000 -0.80901699437495078193
59.90000 -0.58778525229244193984
59.95000 -0.30901699437492252676
60.00000 -0.00000000000004311747
60.05000 0.30901699437494861700
60.10000 0.58778525229246414430
60.15000 0.80901699437496699119
60.20000 0.95105651629515997048
60.25000 1.00000000000000000000
60.30000 0.95105651629515486345
60.35000 0.80901699437495711020
60.40000 0.58778525229245059958
60.45000 0.30901699437493279632
60.50000 -0.00000000000000294534
60.55000 -0.30901699437493840295
60.60000 -0.58778525229245537354
60.65000 -0.80901699437496066292
60.70000 -0.95105651629515663981
60.75000 -1.00000000000000000000
60.80000 -0.95105651629515819412
60.85000 -0.80901699437496343847
60.90000 -0.58778525229245937034
60.95000 -0.30901699437494306588
61.00000 -0.00000000000000783526
61.05000 0.30901699437498220124
61.10000 0.58778525229244660277
61.15000 0.80901699437495433465
61.20000 0.95105651629515330914
61.25000 1.00000000000000000000
61.30000 0.95105651629514398326
61.35000 0.80901699437493646005
61.40000 0.58778525229246803008
61.45000 0.30901699437495327993
61.50000 0.00000000000001861587
61.55000 -0.30901699437497193168
61.60000 -0.58778525229248390627
61.65000 -0.80901699437494789535
61.70000 -0.95105651629514997847
61.75000 -1.00000000000000000000
61.80000 -0.95105651629514731393
61.85000 -0.80901699437494278833
61.90000 -0.58778525229247680084
61.95000 -0.30901699437496354950
62.00000 -0.00000000000002939648
62.05000 0.30901699437496171763
62.10000 0.58778525229247524653
62.15000 0.80901699437497498479
62.20000 0.95105651629514664780
62.25000 1.00000000000000000000
62.30000 0.95105651629515064460
62.35000 0.80901699437494911660
62.40000 0.58778525229243949735
62.45000 0.30901699437491975120
62.50000 0.00000000000004017708
62.55000 -0.30901699437495144807
62.60000 -0.58778525229246647577
62.65000 -0.80901699437496865652
62.70000 -0.95105651629516085865
62.75000 -1.00000000000000000000
62.80000 -0.95105651629515397527
62.85000 -0.80901699437495544487
62.90000 -0.58778525229244826811
62.95000 -0.30901699437492996525
63.00000 0.00000000000000588573
63.05000 0.30901699437494117850
63.10000 0.58778525229245770500
63.15000 0.80901699437496232825
63.20000 0.95105651629515752798
63.25000 1.00000000000000000000
63.30000 0.95105651629515730594
63.35000 0.80901699437496177314
63.40000 0.58778525229245692785
63.45000 0.30901699437494023481
63.50000 0.00000000000000489487
63.55000 -0.30901699437498497680
63.60000 -0.58778525229244904526
63.65000 -0.80901699437495599998
63.70000 -0.95105651629515419732
63.75000 -1.00000000000000000000
63.80000 -0.95105651629514298406
63.85000 -0.80901699437493468370
63.90000 -0.58778525229246569861
63.95000 -0.30901699437495050438
64.00000 -0.00000000000001567548
64.05000 0.30901699437492069489
64.10000 0.58778525229248634876
64.15000 0.80901699437494967171
64.20000 0.95105651629515086665
64.25000 1.00000000000000000000
64.30000 0.95105651629516396728
64.35000 0.80901699437494101197
64.40000 0.58778525229247435835
64.45000 0.30901699437496077394
64.50000 0.00000000000002645608
64.55000 -0.30901699437491042532
64.60000 -0.58778525229252354123
64.65000 -0.80901699437494334344
64.70000 -0.95105651629514753598
64.75000 -1.00000000000000000000
64.80000 -0.95105651629516729795
64.85000 -0.80901699437491392253
64.90000 -0.58778525229243716588
64.95000 -0.30901699437497098799
65.00000 -0.00000000000003723669
65.05000 0.30901699437490015576
65.10000 0.58778525229251488149
65.15000 0.80901699437497043288
65.20000 0.95105651629516185785
65.25000 1.00000000000000000000
65.30000 0.95105651629517062862
65.35000 0.80901699437492025080
65.40000 0.58778525229244582562
65.45000 0.30901699437492718969
65.50000 -0.00000000000000882612
65.55000 -0.30901699437488994171
65.60000 -0.58778525229250611073
65.65000 -0.80901699437496410461
65.70000 -0.95105651629515852719
65.75000 -1.00000000000000000000
65.80000 -0.95105651629515630674
65.85000 -0.80901699437492657907
65.90000 -0.58778525229245459638
65.95000 -0.30901699437493745926
66.00000 -0.00000000000000195448
66.05000 0.30901699437493374001
66.10000 0.58778525229249745099
66.15000 0.80901699437495777634
66.20000 0.95105651629515519652
66.25000 1.00000000000000000000
66.30000 0.95105651629515963741
66.35000 0.80901699437493290734
66.40000 0.58778525229246325612
66.45000 0.30901699437494767331
66.50000 0.00000000000001273509
66.55000 -0.30901699437492347045
66.60000 -0.58778525229248868023
66.65000 -0.80901699437495144807
66.70000 -0.95105651629515186585
66.75000 -1.00000000000000000000
66.80000 -0.95105651629516296808
66.85000 -0.80901699437493934663
66.90000 -0.58778525229247202688
66.95000 -0.30901699437495794287
67.00000 -0.00000000000002351569
67.05000 0.30901699437491320088
67.10000 0.58778525229252598372
67.15000 0.80901699437494511979
67.20000 0.95105651629514853518
67.25000 1.00000000000000000000
67.30000 0.95105651629516629875
67.35000 0.80901699437491225719
67.40000 0.58778525229243472339
67.45000 0.30901699437496821243
67.50000 0.00000000000003429630
67.55000 -0.30901699437490298683
67.60000 -0.58778525229251721296
67.65000 -0.80901699437497209821
67.70000 -0.95105651629516274603
67.75000 -1.00000000000000000000
67.80000 -0.95105651629516962942
67.85000 -0.80901699437491858546
67.90000 -0.58778525229244349415
67.95000 -0.30901699437492441414
68.00000 0.00000000000001176651
68.05000 0.30901699437489271727
68.10000 0.58778525229250844220
68.15000 0.80901699437496576994
68.20000 0.95105651629515941536
68.25000 1.00000000000000000000
68.30000 0.95105651629517296008
68.35000 0.80901699437492491374
68.40000 0.58778525229245215389
68.45000 0.30901699437493462819
68.50000 -0.00000000000000098591
68.55000 -0.30901699437493651557
68.60000 -0.58778525229249978246
68.65000 -0.80901699437495944167
68.70000 -0.95105651629515608469
68.75000 -1.00000000000000000000
68.80000 -0.95105651629515874923
68.85000 -0.80901699437493124201
68.90000 -0.58778525229246092465
68.95000 -0.30901699437494489775
69.00000 -0.00000000000000979470
69.05000 0.30901699437492624600
69.10000 0.58778525229249101169
69.15000 0.80901699437495311340
69.20000 0.95105651629515275403
69.25000 1.00000000000000000000
69.30000 0.95105651629516207990
69.35000 0.80901699437493757028
69.40000 0.58778525229246958439
69.45000 0.30901699437495516731
69.50000 0.00000000000002057530
69.55000 -0.30901699437491603195
69.60000 -0.58778525229248235195
69.65000 -0.80901699437494678513
69.70000 -0.95105651629514942336
69.75000 -1.00000000000000000000
69.80000 -0.95105651629516541057
69.85000 -0.80901699437491048084
69.90000 -0.58778525229247835515
69.95000 -0.30901699437496538136
70.00000 -0.00000000000003135591
70.05000 0.30901699437490576239
70.10000 0.58778525229251954443
70.15000 0.80901699437497387457
70.20000 0.95105651629514609269
70.25000 1.00000000000000000000
70.30000 0.95105651629516874124
70.35000 0.80901699437491680911
70.40000 0.58778525229244105166
70.45000 0.30901699437492158307
70.50000 0.00000000000004213652
70.55000 -0.30901699437489549283
70.60000 -0.58778525229251088469
70.65000 -0.80901699437496754630
70.70000 -0.95105651629516030354
70.75000 -1.00000000000000000000
70.80000 -0.95105651629517207191
70.85000 -0.80901699437492313738
70.90000 -0.58778525229244982242
70.95000 -0.30901699437493185263
71.00000 0.00000000000000392630
71.05000 0.30901699437493934663
71.10000 0.58778525229250211392
71.15000 0.80901699437496121803
71.20000 0.95105651629515697287
71.25000 1.00000000000000000000
71.30000 0.95105651629515786105
71.35000 0.80901699437492946565
71.40000 0.58778525229245848216
71.45000 0.30901699437494212219
71.50000 0.00000000000000685431
71.55000 -0.30901699437492907707
71.60000 -0.58778525229249345418
71.65000 -0.80901699437495488976
71.70000 -0.95105651629515364220
71.75000 -1.00000000000000000000
71.80000 -0.95105651629516119172
71.85000 -0.80901699437493579392
71.90000 -0.58778525229246725292
71.95000 -0.30901699437495233624
72.00000 -0.00000000000001763491
72.05000 0.30901699437491880751
72.10000 0.58778525229248468342
72.15000 0.80901699437494856149
72.20000 0.95105651629515031154
72.25000 1.00000000000000000000
72.30000 0.95105651629516452239
72.35000 0.80901699437494223321
72.40000 0.58778525229247602368
72.45000 0.30901699437496260581
72.50000 0.00000000000002841552
72.55000 -0.30901699437490853795
72.60000 -0.58778525229252198692
72.65000 -0.80901699437494223321
72.70000 -0.95105651629514698087
72.75000 -1.00000000000000000000
72.80000 -0.95105651629516785306
72.85000 -0.80901699437491514377
72.90000 -0.58778525229243872019
72.95000 -0.30901699437497287537
73.00000 -0.00000000000003919613
73.05000 0.30901699437489832389
73.10000 0.58778525229251321615
73.15000 0.80901699437496921163
73.20000 0.95105651629516119172
73.25000 1.00000000000000000000
73.30000 0.95105651629517118373
73.35000 0.80901699437492147204
73.40000 0.58778525229244737993
73.45000 0.30901699437492907707
73.50000 -0.00000000000000686669
73.55000 -0.30901699437488805433
73.60000 -0.58778525229250455642
73.65000 -0.80901699437496288336
73.70000 -0.95105651629515786105
73.75000 -1.00000000000000000000
73.80000 -0.95105651629515697287
73.85000 -0.80901699437492780032
73.90000 -0.58778525229245615069
73.95000 -0.30901699437493929112
74.00000 -0.00000000000000391392
74.05000 0.30901699437493185263
74.10000 0.58778525229249578565
74.15000 0.80901699437495655509
74.20000 0.95105651629515453038
74.25000 1.00000000000000000000
74.30000 0.95105651629516030354
74.35000 0.80901699437493412859
74.40000 0.58778525229246492145
74.45000 0.30901699437494956069
74.50000 0.00000000000001469452
74.55000 -0.30901699437492163858
74.60000 -0.58778525229248712591
74.65000 -0.80901699437495022682
74.70000 -0.95105651629515119971
74.75000 -1.00000000000000000000
74.80000 -0.95105651629516363421
74.85000 -0.80901699437494045686
74.90000 -0.58778525229247358119
74.95000 -0.30901699437495983025
75.00000 -0.00000000000002547513
75.05000 0.30901699437491136901
75.10000 0.58778525229252431838
75.15000 0.80901699437494389855
75.20000 0.95105651629514786904
75.25000 1.00000000000000000000
75.30000 0.95105651629516696488
75.35000 0.80901699437491336742
75.40000 0.58778525229243638872
75.45000 0.30901699437497004430
75.50000 0.00000000000003625574
75.55000 -0.30901699437490109945
75.60000 -0.58778525229251565865
75.65000 -0.80901699437497098799
75.70000 -0.95105651629516207990
75.75000 -1.00000000000000000000
75.80000 -0.95105651629517029555
75.85000 -0.80901699437491969569
75.90000 -0.58778525229244504846
75.95000 -0.30901699437492624600
76.00000 -0.00000000000004703634
76.05000 0.30901699437489082989
76.10000 0.58778525229250688788
76.15000 0.80901699437496465972
76.20000 0.95105651629515874923
76.25000 1.00000000000000000000
76.30000 0.95105651629517362622
76.35000 0.80901699437492602396
76.40000 0.58778525229245381922
76.45000 0.30901699437493651557
76.50000 0.00000000000000097353
76.55000 -0.30901699437493468370
76.60000 -0.58778525229249822814
76.65000 -0.80901699437495833145
76.70000 -0.95105651629515541856
76.75000 -1.00000000000000000000
76.80000 -0.95105651629514187384
76.85000 -0.80901699437493235223
76.90000 -0.58778525229246247896
76.95000 -0.30901699437494678513
77.00000 -0.00000000000001175413
77.05000 0.30901699437497848200
77.10000 0.58778525229248945738
77.15000 0.80901699437495200318
77.20000 0.95105651629515208789
77.25000 1.00000000000000000000
77.30000 0.95105651629514520451
77.35000 0.80901699437493868050
77.40000 0.58778525229247124972
77.45000 0.30901699437495699918
77.50000 0.00000000000002253474
77.55000 -0.30901699437502228029
77.60000 -0.58778525229248079764
77.65000 -0.80901699437494567491
77.70000 -0.95105651629514875722
77.75000 -1.00000000000000000000
77.80000 -0.95105651629513088263
77.85000 -0.80901699437491170208
77.90000 -0.58778525229247990946
77.95000 -0.30901699437496726874
78.00000 -0.00000000000003331534
78.05000 0.30901699437501201073
78.10000 0.58778525229251799011
78.15000 0.80901699437497276435
78.20000 0.95105651629514542655
78.25000 1.00000000000000000000
78.30000 0.95105651629513421330
78.35000 0.80901699437491803035
78.40000 0.58778525229244271699
78.45000 0.30901699437492347045
78.50000 0.00000000000004409595
78.55000 -0.30901699437500179668
78.60000 -0.58778525229250933037
78.65000 -0.80901699437496632505
78.70000 -0.95105651629515963741
78.75000 -1.00000000000000000000
78.80000 -0.95105651629513754397
78.85000 -0.80901699437492435862
78.90000 -0.58778525229245137673
78.95000 -0.30901699437493374001
79.00000 0.00000000000000196686
79.05000 0.30901699437499152712
79.10000 0.58778525229250055961
79.15000 0.80901699437495999678
79.20000 0.95105651629515630674
79.25000 1.00000000000000000000
79.30000 0.95105651629514087464
79.35000 0.80901699437493068690
79.40000 0.58778525229246014749
79.45000 0.30901699437494395406
79.50000 0.00000000000000881374
79.55000 -0.30901699437498125755
79.60000 -0.58778525229249189987
79.65000 -0.80901699437495366851
79.70000 -0.95105651629515297607
79.75000 -1.00000000000000000000
79.80000 -0.95105651629514420531
79.85000 -0.80901699437493701517
79.90000 -0.58778525229246880723
79.95000 -0.30901699437495422362
80.00000 -0.00000000000001959435
80.05000 0.30901699437497098799
80.10000 0.58778525229248312911
80.15000 0.80901699437494734024
80.20000 0.95105651629514964540
80.25000 1.00000000000000000000
80.30000 0.95105651629512999445
80.35000 0.80901699437494334344
80.40000 0.58778525229247757800
80.45000 0.30901699437496449319
80.50000 0.00000000000003037495
80.55000 -0.30901699437501484180
80.60000 -0.58778525229252043260
80.65000 -0.80901699437494101197
80.70000 -0.95105651629514631473
80.75000 -1.00000000000000000000
80.80000 -0.95105651629513332512
80.85000 -0.80901699437491625400
80.90000 -0.58778525229244027450
80.95000 -0.30901699437497470724
81.00000 -0.00000000000004115556
81.05000 0.30901699437500457224
81.10000 0.58778525229251166184
81.15000 0.80901699437496810141
81.20000 0.95105651629516063661
81.25000 1.00000000000000000000
81.30000 0.95105651629513665579
81.35000 0.80901699437492258227
81.40000 0.58778525229244904526
81.45000 0.30901699437493090894
81.50000 0.00000000000005193617
81.55000 -0.30901699437499430267
81.60000 -0.58778525229250300210
81.65000 -0.80901699437496177314
81.70000 -0.95105651629515730594
81.75000 -1.00000000000000000000
81.80000 -0.95105651629512244494
81.85000 -0.80901699437489549283
81.90000 -0.58778525229250377926
81.95000 -0.30901699437499524636
82.00000 -0.00000000000006271677
82.05000 0.30901699437498408862
82.10000 0.58778525229249423134
82.15000 0.80901699437495544487
82.20000 0.95105651629515397527
82.25000 1.00000000000000000000
82.30000 0.95105651629512577561
82.35000 0.80901699437490182110
82.40000 0.58778525229242051253
82.45000 0.30901699437489738020
82.50000 0.00000000000007349738
82.55000 -0.30901699437497381906
82.60000 -0.58778525229248546058
82.65000 -0.80901699437494911660
82.70000 -0.95105651629515064460
82.75000 -1.00000000000000000000
82.80000 -0.95105651629512910628
82.85000 -0.80901699437490814937
82.90000 -0.58778525229242917227
82.95000 -0.30901699437490759426
83.00000 0.00000000000002940885
83.05000 0.30901699437496354950
83.10000 0.58778525229247680084
83.15000 0.80901699437494278833
83.20000 0.95105651629514731393
83.25000 1.00000000000000000000
83.30000 0.95105651629513243694
83.35000 0.80901699437491447764
83.40000 0.58778525229243794303
83.45000 0.30901699437491786382
83.50000 -0.00000000000001862825
83.55000 -0.30901699437495327993
83.60000 -0.58778525229246803008
83.65000 -0.80901699437493646005
83.70000 -0.95105651629514398326
83.75000 -1.00000000000000000000
83.80000 -0.95105651629513576761
83.85000 -0.80901699437492091693
83.90000 -0.58778525229244660277
83.95000 -0.30901699437492813338
84.00000 0.00000000000000784764
84.05000 0.30901699437494306588
84.10000 0.58778525229245937034
84.15000 0.80901699437493013178
84.20000 0.95105651629514065259
84.25000 1.00000000000000000000
84.30000 0.95105651629513909828
84.35000 0.80901699437492724520
84.40000 0.58778525229245537354
84.45000 0.30901699437493840295
84.50000 0.00000000000000293296
84.55000 -0.30901699437504093204
84.60000 -0.58778525229254263706
84.65000 -0.80901699437492380351
84.70000 -0.95105651629513732193
84.75000 -1.00000000000000000000
84.80000 -0.95105651629514242895
84.85000 -0.80901699437493357348
84.90000 -0.58778525229246403327
84.95000 -0.30901699437494861700
85.00000 -0.00000000000001371357
85.05000 0.30901699437503066248
85.10000 0.58778525229253386630
85.15000 0.80901699437498419964
85.20000 0.95105651629516907430
85.25000 1.00000000000000000000
85.30000 0.95105651629514575962
85.35000 0.80901699437493990175
85.40000 0.58778525229247280404
85.45000 0.30901699437495888656
85.50000 0.00000000000002449417
85.55000 -0.30901699437502039292
85.60000 -0.58778525229252509554
85.65000 -0.80901699437497787137
85.70000 -0.95105651629516574364
85.75000 -1.00000000000000000000
85.80000 -0.95105651629514909029
85.85000 -0.80901699437494623002
85.90000 -0.58778525229248157480
85.95000 -0.30901699437496915612
86.00000 -0.00000000000003527478
86.05000 0.30901699437501017886
86.10000 0.58778525229251643580
86.15000 0.80901699437497154310
86.20000 0.95105651629516241297
86.25000 1.00000000000000000000
86.30000 0.95105651629515242096
86.35000 0.80901699437495255829
86.40000 0.58778525229249023454
86.45000 0.30901699437497937017
86.50000 0.00000000000004605539
86.55000 -0.30901699437499990930
86.60000 -0.58778525229250766504
86.65000 -0.80901699437496521483
86.70000 -0.95105651629515908230
86.75000 -1.00000000000000000000
86.80000 -0.95105651629512066858
86.85000 -0.80901699437495888656
86.90000 -0.58778525229249900530
86.95000 -0.30901699437498963974
87.00000 -0.00000000000005683599
87.05000 0.30901699437498963974
87.10000 0.58778525229249900530
87.15000 0.80901699437495888656
87.20000 0.95105651629515575163
87.25000 1.00000000000000000000
87.30000 0.95105651629512399925
87.35000 0.80901699437489837941
87.40000 0.58778525229241573857
87.45000 0.30901699437499990930
87.50000 0.00000000000006761660
87.55000 -0.30901699437497942569
87.60000 -0.58778525229249023454
87.65000 -0.80901699437495255829
87.70000 -0.95105651629515242096
87.75000 -1.00000000000000000000
87.80000 -0.95105651629512732992
87.85000 -0.80901699437490470768
87.90000 -0.58778525229242439831
87.95000 -0.30901699437490204314
88.00000 -0.00000000000007839720
88.05000 0.30901699437496915612
88.10000 0.58778525229248157480
88.15000 0.80901699437494623002
88.20000 0.95105651629514909029
88.25000 1.00000000000000000000
88.30000 0.95105651629513066059
88.35000 0.80901699437491103595
88.40000 0.58778525229243316907
88.45000 0.30901699437491225719
88.50000 -0.00000000000002450903
88.55000 -0.30901699437495888656
88.60000 -0.58778525229247280404
88.65000 -0.80901699437493990175
88.70000 -0.95105651629514575962
88.75000 -1.00000000000000000000
88.80000 -0.95105651629513399126
88.85000 -0.80901699437491736422
88.90000 -0.58778525229244182881
88.95000 -0.30901699437492252676
89.00000 0.00000000000001372842
89.05000 0.30901699437494861700
89.10000 0.58778525229246414430
89.15000 0.80901699437493357348
89.20000 0.95105651629514242895
89.25000 1.00000000000000000000
89.30000 0.95105651629513732193
89.35000 0.80901699437492369249
89.40000 0.58778525229245059958
89.45000 0.30901699437493279632
89.50000 -0.00000000000000294782
89.55000 -0.30901699437504653867
89.60000 -0.58778525229245537354
89.65000 -0.80901699437492724520
89.70000 -0.95105651629513909828
89.75000 -1.00000000000000000000
89.80000 -0.95105651629514065259
89.85000 -0.80901699437493013178
89.90000 -0.58778525229245937034
89.95000 -0.30901699437494301037
90.00000 -0.00000000000000783279
90.05000 0.30901699437503626910
90.10000 0.58778525229253864026
90.15000 0.80901699437498764134
90.20000 0.95105651629513576761
90.25000 1.00000000000000000000
90.30000 0.95105651629514398326
90.35000 0.80901699437493646005
90.40000 0.58778525229246803008
90.45000 0.30901699437495327993
90.50000 0.00000000000001861339
90.55000 -0.30901699437502599954
90.60000 -0.58778525229252986950
90.65000 -0.80901699437498131307
90.70000 -0.95105651629516751999
90.75000 -1.00000000000000000000
90.80000 -0.95105651629514731393
90.85000 -0.80901699437494278833
90.90000 -0.58778525229247680084
90.95000 -0.30901699437496354950
91.00000 -0.00000000000002939400
91.05000 0.30901699437501572998
91.10000 0.58778525229252120976
91.15000 0.80901699437497498479
91.20000 0.95105651629516418932
91.25000 1.00000000000000000000
91.30000 0.95105651629515064460
91.35000 0.80901699437494911660
91.40000 0.58778525229248546058
91.45000 0.30901699437497381906
91.50000 0.00000000000004017460
91.55000 -0.30901699437500551593
91.60000 -0.58778525229251243900
91.65000 -0.80901699437496865652
91.70000 -0.95105651629516085865
91.75000 -1.00000000000000000000
91.80000 -0.95105651629515397527
91.85000 -0.80901699437495544487
91.90000 -0.58778525229249423134
91.95000 -0.30901699437498403311
92.00000 -0.00000000000005095521
92.05000 0.30901699437499524636
92.10000 0.58778525229250377926
92.15000 0.80901699437496232825
92.20000 0.95105651629515752798
92.25000 1.00000000000000000000
92.30000 0.95105651629512211187
92.35000 0.80901699437496177314
92.40000 0.58778525229250289108
92.45000 0.30901699437499430267
92.50000 0.00000000000006173582
92.55000 -0.30901699437498497680
92.60000 -0.58778525229249500850
92.65000 -0.80901699437495599998
92.70000 -0.95105651629515419732
92.75000 -1.00000000000000000000
92.80000 -0.95105651629512544254
92.85000 -0.80901699437490126599
92.90000 -0.58778525229241973538
92.95000 -0.30901699437500457224
93.00000 -0.00000000000007251642
93.05000 0.30901699437497476275
93.10000 0.58778525229248634876
93.15000 0.80901699437494967171
93.20000 0.95105651629515086665
93.25000 1.00000000000000000000
93.30000 0.95105651629512877321
93.35000 0.80901699437490759426
93.40000 0.58778525229242839512
93.45000 0.30901699437490670608
93.50000 -0.00000000000003038981
93.55000 -0.30901699437496449319
93.60000 -0.58778525229247757800
93.65000 -0.80901699437494334344
93.70000 -0.95105651629514753598
93.75000 -1.00000000000000000000
93.80000 -0.95105651629513210388
93.85000 -0.80901699437491392253
93.90000 -0.58778525229243716588
93.95000 -0.30901699437491692013
94.00000 0.00000000000001960920
94.05000 0.30901699437495422362
94.10000 0.58778525229246880723
94.15000 0.80901699437493701517
94.20000 0.95105651629514420531
94.25000 1.00000000000000000000
94.30000 0.95105651629513543455
94.35000 0.80901699437492025080
94.40000 0.58778525229244582562
94.45000 0.30901699437492718969
94.50000 -0.00000000000000882860
94.55000 -0.30901699437494400957
94.60000 -0.58778525229246014749
94.65000 -0.80901699437493068690
94.70000 -0.95105651629514087464
94.75000 -1.00000000000000000000
94.80000 -0.95105651629513876522
94.85000 -0.80901699437492657907
94.90000 -0.58778525229245459638
94.95000 -0.30901699437493745926
95.00000 -0.00000000000000195201
95.05000 0.30901699437504187573
95.10000 0.58778525229254341422
95.15000 0.80901699437492435862
95.20000 0.95105651629513754397
95.25000 1.00000000000000000000
95.30000 0.95105651629514209588
95.35000 0.80901699437493290734
95.40000 0.58778525229246325612
95.45000 0.30901699437494767331
95.50000 0.00000000000001273261
95.55000 -0.30901699437503160617
95.60000 -0.58778525229253464346
95.65000 -0.80901699437498486578
95.70000 -0.95105651629516940737
95.75000 -1.00000000000000000000
95.80000 -0.95105651629514542655
95.85000 -0.80901699437493934663
95.90000 -0.58778525229247202688
95.95000 -0.30901699437495794287
96.00000 -0.00000000000002351322
96.05000 0.30901699437502133661
96.10000 0.58778525229252598372
96.15000 0.80901699437497842649
96.20000 0.95105651629516607670
96.25000 1.00000000000000000000
96.30000 0.95105651629514875722
96.35000 0.80901699437494567491
96.40000 0.58778525229248068662
96.45000 0.30901699437496821243
96.50000 0.00000000000003429382
96.55000 -0.30901699437501106704
96.60000 -0.58778525229251721296
96.65000 -0.80901699437497209821
96.70000 -0.95105651629516274603
96.75000 -1.00000000000000000000
96.80000 -0.95105651629515208789
96.85000 -0.80901699437495200318
96.90000 -0.58778525229248945738
96.95000 -0.30901699437497848200
97.00000 -0.00000000000004507443
97.05000 0.30901699437500085299
97.10000 0.58778525229250855322
97.15000 0.80901699437496576994
97.20000 0.95105651629515941536
97.25000 1.00000000000000000000
97.30000 0.95105651629515541856
97.35000 0.80901699437495833145
97.40000 0.58778525229249822814
97.45000 0.30901699437498869605
97.50000 0.00000000000005585504
97.55000 -0.30901699437499058343
97.60000 -0.58778525229249978246
97.65000 -0.80901699437495944167
97.70000 -0.95105651629515608469
97.75000 -1.00000000000000000000
97.80000 -0.95105651629512366618
97.85000 -0.80901699437489782429
97.90000 -0.58778525229250688788
97.95000 -0.30901699437499896561
98.00000 -0.00000000000006663564
98.05000 0.30901699437498031386
98.10000 0.58778525229249101169
98.15000 0.80901699437495311340
98.20000 0.95105651629515275403
98.25000 1.00000000000000000000
98.30000 0.95105651629512699685
98.35000 0.80901699437490415256
98.40000 0.58778525229242362116
98.45000 0.30901699437490109945
98.50000 0.00000000000007741625
98.55000 -0.30901699437497009981
98.60000 -0.58778525229248235195
98.65000 -0.80901699437494678513
98.70000 -0.95105651629514942336
98.75000 -1.00000000000000000000
98.80000 -0.95105651629513032752
98.85000 -0.80901699437491048084
98.90000 -0.58778525229243239192
98.95000 -0.30901699437491136901
99.00000 0.00000000000002548998
99.05000 0.30901699437495983025
99.10000 0.58778525229247358119
99.15000 0.80901699437494045686
99.20000 0.95105651629514609269
99.25000 1.00000000000000000000
99.30000 0.95105651629513365819
99.35000 0.80901699437491680911
99.40000 0.58778525229244105166
99.45000 0.30901699437492158307
99.50000 -0.00000000000001470938
99.55000 -0.30901699437494956069
99.60000 -0.58778525229246492145
99.65000 -0.80901699437493412859
99.70000 -0.95105651629514276202
99.75000 -1.00000000000000000000
99.80000 -0.95105651629513698886
99.85000 -0.80901699437492313738
99.90000 -0.58778525229244982242
99.95000 -0.30901699437493185263
100.00000 0.00000000000000392877
