1707322158
0.00157913002259058022
0.02741903519603379122
0.03067849242625688214
-0.07810948625118913080
-0.04479286775216127781
-0.04364157162776289428
-0.01982118618666249554
0.01158050471524731811
0.02461687662853714181
-0.01828156850220707952
-0.04327533866431347576
-0.06553584214557700571
0.07447966941375269712
0.01033915281777231243
-0.03013290065812547838
-0.06854777371908900296
-0.02744801623162255663
-0.01409803750649935017
0.00648685870994200608
0.05514764611383325688
0.04482934989260013714
0.02691599811749346982
-0.06644073634708334841
0.02911486384883282819
0.04091168406461909851
-0.04855960390929114912
0.04837781030143509242
-0.00388401998387835623
0.01944886777524318378
-0.05427773024620382442
0.02998093056025957770
-0.03923780365811557758
0.03604575751165196851
0.00576339043013909466
-0.04554336496886953606
0.00422660713280859079
-0.02758288910965569357
0.02429414853653598383
-0.03036089201008942626
-0.03584748522185138980
0.06424230768542844860
0.00818713740826917252
0.00149746490712159008
0.03547759751578680870
0.01075825021171859797
-0.08973770034021591457
-0.04162563674227597738
0.04327209505404909506
0.01768865483705357733
-0.06304726305559614496
0.00994652188846214397
0.07143127479191463403
-0.02767805067248552131
-0.01165999267793260685
0.04913443557412105339
0.05251184937195473718
-0.03191456703092650227
0.02599686106014850728
0.06500210420461469130
-0.00947076948800626081
0.04267432570581992241
0.01649953504861310927
-0.02818397382655367378
-0.00453119026708006210
0.00880711544715199156
-0.03835002912131605518
-0.02639910929202991113
0.00111727002128830799
0.02880666885935080634
-0.01211610260052424504
-0.05805020064956052661
-0.00868215244667705499
0.00109473345852210968
-0.02038186975772579221
-0.02121083295029160820
-0.05814280810679439693
-0.02906110912052034534
-0.07748781832749387921
0.01812835695134866476
-0.06774040193657408782
-0.04959746196381629307
0.04568910959441638969
0.02699081456614230157
-0.03007373122036165192
0.03626365686592817467
0.03373858785896496210
-0.00179408714258767754
-0.01175131146411938221
0.04237114397919324732
0.06539748388593900896
-0.06198582056070950363
0.04262380378442993251
-0.03438859741873508818
0.05170798737169616383
0.08311697686236210747
0.01067523179141582554
-0.02212284562276808225
0.05752294359613346897
0.00317072090840465892
0.06066545236886733417
-0.01474062153824634569
0.01764783394413434181
0.01946047550042181995
-0.01723406241146571705
0.07376334121160364743
-0.01700806958461556842
0.05541809716048562429
0.02073059087653206234
-0.00924828043638183106
0.00476925922779798672
-0.04359383640978198998
0.00738821118482771780
0.07180883235847988766
0.03915128695739028553
-0.00763963293639927099
0.01441393094808512965
0.09422077941439151172
-0.03891496320204575199
0.03795828723253602544
0.07551287425473000858
-0.00798560427873657580
0.02349914890876931423
-0.01587946126976956529
0.06846199253036733268
0.01666831794039733139
-0.05125904532673723757
-0.01132425736231927604
0.00735779954463142150
0.02104032063905164618
-0.06453587187665321689
0.04632582564201478265
0.09102043318144066586
-0.01806017617604702835
-0.04577214030817716717
-0.00404355577381493130
-0.06838026068563585191
-0.01175446147646497241
0.03540333273606529468
-0.00065137208469741303
0.04723833559418019745
-0.02290342316166656816
-0.01090857266025085232
-0.04789154392103270319
0.02625689442560862757
-0.05704168679986228868
-0.01345053567246092679
0.01159908152725504238
-0.07016925628770573353
0.02967536734867626258
0.01343701626799861937
0.01379933735066994627
0.01360265142917757054
0.00017564375893010589
-0.02558904687202957079
-0.04712869075458902407
0.01554121743680034196
0.01762857889646132770
-0.00425979444024143783
0.00108187156779778349
-0.05711418839968471217
-0.01628187760537576356
0.03332432356352187097
0.00700517334370183431
-0.01114389086661110237
-0.05278632927350063869
0.06231235212754103470
0.04734988093718415364
-0.03694211609519186534
0.02492098762882919566
-0.05295020381591757780
-0.04088187438476917346
0.00776018295798459184
-0.03277634164913387216
-0.05351626055944537497
0.02549748840997809185
0.01234571464003331176
0.01880482696872429194
0.00453281463334932744
0.00882510547937131670
-0.03750945918146030011
-0.00431795092500650984
0.01705178423647386171
0.00071789636310091998
-0.00944254543140648703
0.01757850512749445371
0.00343118081960416821
0.00019826442012482737
-0.04655666479214871922
0.01469175220219965522
-0.06427254740347737583
-0.01070337426415801652
0.04940485137021395634
-0.00625679451332278314
-0.06608854712270598175
0.04732658967716926735
-0.04139291292121304033
-0.07879511345121782695
-0.01395943128222573368
-0.04423146063658942723
-0.05243833314275291729
0.01420527403904370267
0.05004367523363031922
-0.03781578863869224094
0.08182546123015949080
0.00341408513645365466
0.01706520408255290944
0.06562608110980414078
0.00081216348372966166
0.02040772131663175226
-0.03806240257716850262
0.03112561010342353163
0.01074294965283150577
-0.00379644427625296446
0.07425327961065494864
-0.02661845843615869706
-0.07468086046850350157
0.07280779414475327393
0.00199035406205354259
-0.02115017488652383426
0.01186796902300228662
0.00136872897919674066
-0.02502537897090677949
-0.00459677153481019563
0.02636409654578385220
0.01051040082728043473
-0.01645473936407582105
0.00884637837710154640
0.09396650758290966965
-0.00892827143377078469
0.05702202918800619580
0.09003473356833435748
0.05204008577952166925
0.05770398343806340535
-0.00216546687398360815
-0.06215374509904243727
-0.08118228129166285556
-0.06136432483855837339
0.00620979392258905888
-0.03042087579631287675
0.04984985340845298624
0.02087558439042213818
-0.07827446413146074700
-0.07231667575999940756
-0.06522810317819384418
0.08391183050531512977
0.08320832298286647000
0.07413509468274893932
0.03678909164703875190
-0.01072115162886733836
0.06839288653265353235
0.04432612682894158940
0.06634008724537682200
-0.01899705511471119768
-0.08299929442955147896
0.00512377154320653450
0.03067159416650961506
0.00024567293014641188
-0.04427868129884762749
-0.03191082660663446119
-0.05331595002362316676
-0.01771285851379524739
0.02594756778606565478
-0.03485921841806696037
-0.01173868589649847138
-0.00263971588697271657
-0.01845526672827791509
-0.05613519426255263872
-0.07535178711421405828
-0.07956529854776585309
-0.02455018024172175850
0.00849947743513597073
0.05155782902220164277
-0.04148145617986165323
0.03667414748886328041
-0.00222763684681972357
-0.02139127902751382371
0.01325057037791730480
0.03648174076177261582
0.06729294819165623776
0.03281098191291605126
0.08139725540829693962
0.00633964315352013308
-0.03775946448452745241
-0.04987018827808563370
-0.02736322550445945828
0.00823371005627964933
0.03170104531184818331
0.08988140220282664350
0.06707068666213690522
0.01682730629892428137
0.00991374701723165414
0.04490255440813607779
-0.00000768397003769739
0.00155566930843316353
0.00612734984891831480
0.03193849643316981624
0.04872236631285509906
0.01278666630982731173
0.06926599557942991758
-0.00636186120396566718
-0.01150389053463186928
0.02303902186594856960
-0.03833661220890312304
0.01041674381607060260
-0.06052402647236548860
-0.00642287587114743347
0.02268007733983921914
-0.02744596210655102231
-0.08013602652593332376
-0.01004234250171219187
-0.09152364166990092920
0.01351592853363413338
0.06017429337844919235
-0.03183837362185044234
-0.01078092721792912705
-0.02865694119998111328
0.06367161402649787472
-0.00208766311504303154
0.00730250454847818087
-0.04593092386886984957
-0.06442686927710979117
-0.00383180133245503152
0.08612587879697135296
-0.01907439866060130218
-0.05716805628369005937
-0.06801882440597695201
-0.00722058737055425448
-0.09149297331063681316
-0.02820030112201361502
-0.01760600522049050876
-0.06153158175830337334
0.03873395381436400831
-0.05188086584763643150
0.02747503403922310974
-0.05502462873934983734
0.00220011677695444025
0.02919031043033595840
-0.06119829000029634869
0.06709055200549333964
0.02130604149834533501
-0.00938942986977725491
0.06123079776821230974
-0.00121567882654055603
0.03634368872099728170
-0.05359352252147790707
0.03160279166493695779
-0.02752526301309711487
-0.01298507201158677349
0.00698303608548968280
0.07601550988667435393
-0.00396592794170880225
0.03250690937624635402
-0.02341605798500406149
-0.05945942833063166261
-0.00896406933151375207
0.05359698964916029956
0.01513383016694981598
-0.03496351648818865621
-0.01543438826475031049
0.08450217139185509096
0.02011785559361701364
0.01584698493399051833
-0.01355829165017154170
0.01318646371978637877
-0.08264812523622444562
0.04538315173489188004
-0.03258239991617501580
0.03861032935726006754
0.04919868039395598747
0.08767603607274408739
0.04099751410120983097
0.02188111176801897650
0.05610081295301245358
-0.02995050448456337139
-0.01170223262705944248
-0.02836148619109833680
0.07065662977781922427
0.00100821550051133357
-0.00965258842783635329
0.05052308246983359258
0.00339665264049389404
0.02108523315800597819
0.07379629517616533019
0.01481579486970593940
0.03884646344876217794
-0.03677041360026710171
0.04376485652465599702
0.03597532172499937758
-0.02797170664555007416
0.04053209402623218077
-0.03942351603853680442
-0.03125831635261807490
-0.00034389356167235929
0.08833145177379785051
-0.01605542177150744154
-0.00229719570013564578
0.03476076830865850592
-0.04184451645326080216
0.07848359992657025219
0.03155203886868061108
-0.02453689078080322633
-0.00282595916782783091
-0.02010767661040073484
0.01909363508182282398
0.03917417970447530789
-0.08775332252856032911
0.07179633680349045699
-0.06901622273447748090
-0.04926173977985127961
-0.03854403888738902606
0.05816976323638566038
0.02202406931762773690
-0.02205319726935271729
0.00148759484360348748
-0.04684916881232017993
0.07376046598598381965
0.02782125893413148199
0.04784190610416322320
0.00408386918906303298
-0.04036580093222009308
-0.07343872993878962363
0.04300871246634459244
-0.04713076229539270301
-0.03018995007974557832
-0.00669228132194481240
0.03829033637339731427
-0.00957522364779153645
0.04440801331978664473
-0.05950604163087254428
-0.07519801835305897630
-0.02106475826402416651
0.02225872996368386675
0.06949695431138247503
0.01447008299383804181
0.03703617706756862082
0.01683887225428544812
-0.05401484144572860774
-0.03804494614621854731
0.03384007435936484121
0.00246189418363473508
0.06303111480690125334
-0.02137472514127135986
0.00106663610835867201
0.02182747019539935454
0.06892889624877315824
0.03520538408085954057
0.04519189947526525142
0.05462063865485630720
0.02756474997269211386
0.08826967719396096312
0.04319500361718004583
0.02819837407590745915
0.06495613407574414577
-0.01196544161623597224
0.02191853165715863805
0.02594400142596289816
0.03124868298473240658
-0.06159446251652877374
-0.07239743567649156719
-0.02612408652255501784
0.00686245947464484210
0.04439559855703059665
0.06654541150971568508
-0.03325678735657446733
-0.03189304132568326205
-0.04128891171016214889
0.06012143919250063223
0.00048212436981598383
-0.02293710979769803676
0.02387378161022150197
-0.02098686481871961385
0.08393106823038826159
-0.04561294086538858483
0.04257713716597162634
-0.01743038674696831269
-0.02147891592303241212
0.02553434810858887585
0.04148643167758660211
0.02193291970618671538
-0.01381007913211830529
-0.03675746598129972509
0.00134184057886797825
-0.06818952856966739584
0.04844154643287953976
-0.00965935243743441113
0.00785478339896295008
0.02213311093958704803
-0.02038439918327350497
0.01412245720351228834
0.05850979362545059154
-0.06135421156014977950
-0.01387585681577951924
0.05994756019671799996
-0.04374010401952085209
0.03584021908968697268
0.07192035823684203577
-0.01264917404048571115
0.02244672627302199408
0.07508616367126172420
0.02803465897591535250
-0.05679639943726193241
-0.06521940616202512309
0.02767529386453111001
-0.05814311842347641424
-0.06341106750229889844
0.03848982147802125497
-0.06260244728187212837
-0.06058514256057569852
0.05222453943091656670
-0.02077440732194781731
-0.06187542977830181451
-0.01285248846414148438
0.02440814959090582825
0.04463669352449323863
-0.01951748957835020004
-0.03507887573683582394
0.00856079468902237045
-0.01097717751328701474
-0.08590208733729184920
-0.02196616047153536477
-0.06875362087448762261
0.02592156609796060496
-0.05886237447097077136
-0.03401095533464613963
0.06101117695728838081
-0.01857307656601681067
-0.00363941183483200772
0.02461114326706675265
-0.02183132731441004420
0.02026305083197683238
0.04191918910570405221
-0.01766270595493853179
0.08488589319628007945
-0.01328392779141846988
0.00223982054844490842
0.04967065101939750760
-0.01872642734960021371
0.00213013151759754160
0.04092864060817688610
0.01577336313937481929
0.01333381357292356961
0.00107556460475342897
-0.03422527859649866777
-0.06953686059896688199
-0.00506545547631824522
0.00259457714976490603
-0.06408963471841516713
-0.01266628266902001393
-0.04370801231996529479
0.01978006433685312870
0.03879970127660768708
0.09201800790243688799
-0.05495706766608966787
0.04248447210643647998
-0.03773268444358029994
-0.01208860953901363944
0.05545812172603706292
-0.01470446927226356365
0.01467366289099383825
0.06517623721862966790
-0.03351513963822048969
-0.05353805900250473149
0.05270268551665483608
0.02319148407466312817
0.00784544786803678673
0.06752648142516914920
0.01242226367463463571
0.06671842297851966752
0.05369262860794209169
-0.05656323109593393295
-0.03253926985549707857
-0.00843892684599335287
-0.07966488556920778286
0.04415169490694613452
-0.00738472598948736181
0.04461698473646165397
0.07709874640083813624
-0.03850464003090962872
0.02487458406243221384
-0.06120389502551587535
-0.07234160763786250115
-0.02063481906458493331
-0.03413292436587294504
-0.00245414800124901800
0.05528649890575861037
0.03551964835986479857
-0.02766921973213052471
0.04566608082766927812
0.00393732534904838588
-0.07232532797955225357
-0.00085429227950716436
0.05565273373185318506
0.06337058249086634232
0.00604588589912554569
0.00183493774469706272
0.02096519834406915944
0.05116457731982906876
-0.03042601390295941732
0.04641398323998506548
0.03659135705632686475
0.00810245895204248640
-0.07555228894369318826
-0.00080827316306916752
-0.02690086608142632646
0.05993156757202537654
-0.00031834850102585577
0.07306546274249696438
0.03532172932071692140
-0.02751752111479525281
0.02468121160039735140
-0.01379039395311399546
0.00381074664360412513
0.04597678922395071616
-0.04559416386559334011
0.04050457078987013126
-0.00590874557658505658
-0.03689180148620707644
-0.07095973108474153135
-0.01134724263630212948
-0.03457102255642927058
0.00291320881941969922
0.00766160018167533121
0.02044501417337218907
0.01241471656244933462
-0.01564905541746366979
-0.03275509040465351268
-0.01725766193925294678
0.00793473390300512837
-0.05555961106697079877
0.02110989960893518147
-0.04666223681842081306
0.03355198941824585890
0.03374011946550577179
0.07874588704609586376
-0.03526833883266353858
-0.02902279832820538197
-0.09071450666092080450
0.04362354145554057927
0.02162213126272993086
0.02265800052446219695
-0.00686581386572951945
-0.02346637361844367345
0.06095856640532547333
0.00459565134001693656
0.04680893032197325221
-0.00965608503187824312
0.04090670484160385117
0.01659265515235842231
-0.01351183737326033113
-0.00296029895681901301
0.03951340654842248890
0.01886469378083231729
0.04665570452187942085
-0.02147059260004693937
0.01852649316123058248
-0.02574908850982277064
-0.00890968200234216155
-0.01246279664917979146
-0.06474710193683724802
-0.04255216039836041964
0.01783840554665699907
-0.01779147825100993452
0.07168765895612895511
-0.06660806544432791576
-0.00586028099332949054
0.00939564533037862137
-0.00155146168617133207
-0.01754797455740533113
0.09074857430101772315
0.01338207848061904320
-0.03783115932616924748
0.02093574661805096965
-0.06158247225060243385
0.00530804302790576464
0.00060580456657605142
-0.04426774584886979808
0.01054763719930669821
-0.02281067959163836367
-0.06325804724509737076
0.04041111759860585573
0.04101289065601904094
0.06453479731666612873
-0.02193289805293683822
-0.01543432833414260658
0.00796825550867628907
-0.02190925652250148847
0.08558074007070656797
-0.07660374519257048820
0.00749943997128839357
-0.00233130641390164040
-0.00853981948855325051
-0.07345054548860088794
-0.00865827645578341742
0.08424311377305682136
0.01432002993036063376
-0.04103465193930765087
-0.02553900583905120703
-0.00520565058347100505
-0.02951303200307908367
0.02134377221639443406
-0.02269222886426944946
-0.05140768040502802227
-0.00153899430368979739
-0.01311322111315709610
0.00069287233086902378
0.01406569006576466330
-0.06204357992952856671
-0.00583912949349690846
-0.05564608054964154810
0.05738182000693949070
0.00305821546495808894
0.01400686987396649458
0.03984731335185810047
-0.06995269440577957243
-0.01183875972025039136
-0.01121049523875605053
-0.04917440663519054983
0.02835752252878505353
0.00937039880518354684
0.05524704463558598871
-0.00020022620456303097
0.00221632393180221446
0.00992787923194833610
-0.03294566247283745725
0.07478117857816683756
0.01295574810959200518
-0.05921667458453060834
0.05535860357589954955
-0.06423616281907826298
-0.00903507993045965518
-0.06320301311239739928
-0.01060591117041460169
0.01713624914043407332
0.03690917936009781991
-0.06700408727256772223
0.03656991898853793888
0.06146895860390223787
-0.02944811961122235575
0.03516343721894708146
0.02567863651815738280
-0.03795762468965613312
-0.01221599029945954346
-0.03440299757495662858
-0.01654366055342539749
0.02854852235342773131
0.02528591706663645133
-0.04582431574623301029
0.05296808958657463207
-0.06756838283853995597
-0.00218141870674744276
-0.01796650724390824044
-0.00177678358823843072
-0.02682525689100159760
0.01489928914927844683
0.00638131466991330443
0.01828279603192712460
-0.02078768989107930565
-0.02875060934049570444
-0.05079058108422467022
-0.05382984786007080635
0.02912698962219386484
0.04310345051023338481
-0.01386392499034475034
-0.04538539277640421532
0.08594880890378207849
-0.01600477793999238729
-0.01317831129449340694
0.01148475292673555026
0.05099353527230841843
-0.03166538795068179341
-0.03303803239624855670
0.02579853982934660062
0.09268421381371293177
0.09098359033976850807
-0.04824633935850408673
0.01965157385899293785
0.00860981159313107050
-0.03581667590691552799
0.05882656432633592836
0.01331357877390160205
-0.02876888021303754261
0.01275767475029345420
-0.02047276069432159284
0.01804924026040791163
0.05062646970647689121
-0.01210437561948987661
-0.02699873965559468347
-0.03623728497709952090
-0.08925790530129239231
0.00757910670134197273
-0.00809995234389787599
-0.05662359448923896810
0.08998570488299509340
-0.00474425419454660435
0.02635766096709186643
-0.00641235774681547799
0.00587812541326420551
0.05564158924652337634
0.03058774458737473223
0.01592613925036329148
0.06007468172352514735
-0.00119734848905231339
0.01751592779416401291
-0.00123858396021582495
0.01731167175681874032
-0.00924622221349095941
0.03357120320832878563
0.00972157861558793635
0.04168991299424782554
-0.02763082288560961275
0.01354664890726406390
0.06563635462226176387
-0.02769786372207936470
0.00483013899290474918
-0.00503122681054809021
-0.01589590493398528037
0.02457804178100920361
-0.01188060315879090056
0.04547211306424443766
-0.02964800797852129577
-0.00677866447101285741
0.07199550414085179040
-0.00476404684817607199
-0.04965055335762470767
-0.01330559300878346451
0.00497344001427918458
-0.01132455687565941255
0.01966583021900887573
-0.00811226163437229336
-0.03613253977900954955
-0.05474775268451671784
-0.05810003367164174454
0.03087830177083531608
0.01192425862509956247
0.01690017605056064187
0.03913419951644455524
0.04338202045456600320
-0.06308594982283466379
-0.00715321377252843560
-0.02445616038723670560
0.00998212062287243129
0.07978224911716870482
-0.04887292582954882308
0.05963514314947423317
0.02394404845495897577
0.02987132399802622934
0.07147415856433760040
0.03902658486693473538
0.00179065349595185913
-0.02129712501601183083
0.03322709404548029183
-0.07118765906020424472
0.02896677797146457456
-0.08477291207982828869
-0.04701011201693216374
0.00135475737105810595
-0.02871179284002249588
-0.03837042769341283271
0.08058508573127216856
-0.03456990622662470258
0.04476731873339383216
-0.02627457013645888989
-0.03292729194878008664
-0.08140606255336016450
-0.03629714196375438684
0.08755419100055202020
0.01513388688449463643
-0.02646093355792618340
-0.01790707694269114830
0.06591422900832920317
-0.02046291796512105660
-0.00194518040024917183
0.04840599272791575036
0.07324057057185125175
-0.01905089263760060755
-0.06647978758741160399
-0.06602791797650414685
0.04195790330039240318
0.01999765691347310526
0.06990815162188754317
0.05784865322422639428
0.08063046703144463589
0.07382887446965505363
0.01708320487154797035
-0.05706431216423601266
-0.00899539157235780540
0.05026642011956611311
-0.02670194098106675601
-0.05125618006626898177
0.02766349116697139343
-0.01479070620368734545
-0.04459064665464249760
0.06842934590225543956
-0.07977383415204186701
0.05791909739278214980
-0.02787248232768498035
0.04759665999915296125
-0.01124970941396882806
0.00692751808414585404
0.07734733180950739695
-0.01116907080224206414
-0.02766402425601334480
-0.04258863182858965701
0.03776976207167365152
-0.00782733573942787086
-0.06415188464529435197
0.02661695672507256860
-0.00343666616987282209
-0.01137527460762079168
-0.01652669474320797582
0.00692381719449712552
0.06231157330903763780
0.00835880753973443358
-0.02405398852380644104
-0.04310464078705042446
-0.03485046850277598307
0.02164528342971823449
-0.01517636227196844656
-0.01688045799586943008
-0.01478816034029617824
-0.01197334710134815086
-0.04732583577154476223
0.01231742376103876768
-0.09031008793521211331
0.06602699782980002430
-0.05251402815455293721
-0.05123595974931306057
-0.07252870796831731304
-0.03914059109014485921
0.07240917341430168352
-0.04328935325298893799
-0.03651894341992165810
-0.02495578789382977419
0.05741258173129176051
0.07089809410781511279
0.03345596028187124149
0.06368437635883893166
-0.02643164350950701069
-0.06463237747765723795
-0.02305605081983658558
0.07642148592342692948
-0.02565456476325846807
0.03422746613352906780
-0.01769162608203088058
0.00523403086943274518
0.01284164316618890966
-0.00772374789590190430
0.04030060774660697981
0.02462739405437717327
0.02548421822743687087
-0.05966238931737020967
-0.04554976506417141024
0.04507030292650232584
-0.01997621293178582919
0.01127686002816858865
-0.01816745424557825173
-0.01860234272601191813
0.01288387203257711569
-0.04200529169384637634
0.01071199840433523925
0.04990979314311863591
0.02517341679203018157
-0.00012365872977471506
0.00950650936435280119
0.06318721387683749746
0.02002922330053021061
-0.00606909399203447997
0.00754681146123764232
0.00249804961611425902
-0.08056086570981930983
-0.05546166517560448261
0.00147325545617996156
0.05744966108233186958
0.04156111550590076142
0.00954937329960492409
-0.02132689152906037944
-0.02417324465893826158
0.00164521155024190124
-0.03067945033809143726
0.00020683179619108635
-0.05385755158674788989
0.03603258795851496665
0.09471551328651399426
-0.02092543673744678978
0.03114999794920441517
0.01098847240721270713
-0.00021462240266363695
0.00162432482541739753
0.02681885525901747669
0.07267940802158760760
-0.00454144589814425848
-0.00417260509178629668
0.05519904170893089046
-0.05301159399236160530
0.00862432732648417757
-0.04297264523011290471
-0.03256870714601536182
-0.00515986988561221993
-0.06336065794497759696
0.05936036894999460745
