1000 208.00 0.1000000000 0.0010000000 1707411438 1.000000 -1.000000
0.0 -0.99999999805505668249
0.1 -0.99999999805505668249
0.2 -0.99999999805505623840
0.3 -0.99999999805505646044
0.4 -0.99999999805505646044
0.5 -0.99999999805505712658
0.6 -0.99999999805505712658
0.7 -0.99999999805505690453
0.8 -0.99999999805505712658
0.9 -0.99999999805505668249
1.0 -0.99999999805505646044
1.1 -0.99999999805505679351
1.2 -0.99999999805505657147
1.3 -0.99999999805505668249
1.4 -0.99999999805505690453
1.5 -0.99999999805505712658
1.6 -0.99999999805505668249
1.7 -0.99999999805505646044
1.8 -0.99999999805505657147
1.9 -0.99999999805505679351
2.0 -0.99999999805505734862
2.1 -0.99999999805505757067
2.2 -0.99999999805505734862
2.3 -0.99999999805505723760
2.4 -0.99999999805505723760
2.5 -0.99999999805505734862
2.6 -0.99999999805505757067
2.7 -0.99999999805505690453
2.8 -0.99999999805505679351
2.9 -0.99999999805505701556
3.0 -0.99999999805505723760
3.1 -0.99999999805505690453
3.2 -0.99999999805505634942
3.3 -0.99999999805505612738
3.4 -0.99999999805505646044
3.5 -0.99999999805505623840
3.6 -0.99999999805505634942
3.7 -0.99999999805505634942
3.8 -0.99999999805505601636
3.9 -0.99999999805505634942
4.0 -0.99999999805505668249
4.1 -0.99999999805505634942
4.2 -0.99999999805505601636
4.3 -0.99999999805505623840
4.4 -0.99999999805505590533
4.5 -0.99999999805505657147
4.6 -0.99999999805505712658
4.7 -0.99999999805505690453
4.8 -0.99999999805505679351
4.9 -0.99999999805505679351
5.0 -0.99999999805505679351
5.1 -0.99999999805505701556
5.2 -0.99999999805505679351
5.3 -0.99999999805505668249
5.4 -0.99999999805505690453
5.5 -0.99999999805505712658
5.6 -0.99999999805505657147
5.7 -0.99999999805505634942
5.8 -0.99999999805505657147
5.9 -0.99999999805505657147
6.0 -0.99999999805505668249
6.1 -0.99999999805505679351
6.2 -0.99999999805505634942
6.3 -0.99999999805505646044
6.4 -0.99999999805505634942
6.5 -0.99999999805505701556
6.6 -0.99999999805505690453
6.7 -0.99999999805505657147
6.8 -0.99999999805505612738
6.9 -0.99999999805505634942
7.0 -0.99999999805505690453
7.1 -0.99999999805505712658
7.2 -0.99999999805505723760
7.3 -0.99999999805505712658
7.4 -0.99999999805505712658
7.5 -0.99999999805505723760
7.6 -0.99999999805505757067
7.7 -0.99999999805505734862
7.8 -0.99999999805505701556
7.9 -0.99999999805505690453
8.0 -0.99999999805505734862
8.1 -0.99999999805505690453
8.2 -0.99999999805505646044
8.3 -0.99999999805505701556
8.4 -0.99999999805505701556
8.5 -0.99999999805505668249
8.6 -0.99999999805505690453
8.7 -0.99999999805505668249
8.8 -0.99999999805505668249
8.9 -0.99999999805505668249
9.0 -0.99999999805505690453
9.1 -0.99999999805505612738
9.2 -0.99999999805505623840
9.3 -0.99999999805505646044
9.4 -0.99999999805505623840
9.5 -0.99999999805505701556
9.6 -0.99999999805505690453
9.7 -0.99999999805505723760
9.8 -0.99999999805505723760
9.9 -0.99999999805505723760
10.0 -0.99999999805505723760
10.1 -0.99999999805505712658
10.2 -0.99999999805505701556
10.3 -0.99999999805505690453
10.4 -0.99999999805505690453
10.5 -0.99999999805505768169
10.6 -0.99999999805505768169
10.7 -0.99999999805505668249
10.8 -0.99999999805505668249
10.9 -0.99999999805505690453
11.0 -0.99999999805505634942
11.1 -0.99999999805505646044
11.2 -0.99999999805505646044
11.3 -0.99999999805505623840
11.4 -0.99999999805505634942
11.5 -0.99999999805505623840
11.6 -0.99999999805505634942
11.7 -0.99999999805505623840
11.8 -0.99999999805505601636
11.9 -0.99999999805505612738
12.0 -0.99999999805505668249
12.1 -0.99999999805505690453
12.2 -0.99999999805505679351
12.3 -0.99999999805505690453
12.4 -0.99999999805505690453
12.5 -0.99999999805505701556
12.6 -0.99999999805505668249
12.7 -0.99999999805505657147
12.8 -0.99999999805505701556
12.9 -0.99999999805505679351
13.0 -0.99999999805505712658
13.1 -0.99999999805505701556
13.2 -0.99999999805505690453
13.3 -0.99999999805505690453
13.4 -0.99999999805505701556
13.5 -0.99999999805505712658
13.6 -0.99999999805505690453
13.7 -0.99999999805505679351
13.8 -0.99999999805505668249
13.9 -0.99999999805505612738
14.0 -0.99999999805505601636
14.1 -0.99999999805505634942
14.2 -0.99999999805505612738
14.3 -0.99999999805505634942
14.4 -0.99999999805505668249
14.5 -0.99999999805505701556
14.6 -0.99999999805505734862
14.7 -0.99999999805505734862
14.8 -0.99999999805505701556
14.9 -0.99999999805505723760
15.0 -0.99999999805505723760
15.1 -0.99999999805505712658
15.2 -0.99999999805505712658
15.3 -0.99999999805505701556
15.4 -0.99999999805505712658
15.5 -0.99999999805505679351
15.6 -0.99999999805505690453
15.7 -0.99999999805505623840
15.8 -0.99999999805505612738
15.9 -0.99999999805505657147
16.0 -0.99999999805505646044
16.1 -0.99999999805505657147
16.2 -0.99999999805505634942
16.3 -0.99999999805505657147
16.4 -0.99999999805505646044
16.5 -0.99999999805505701556
16.6 -0.99999999805505712658
16.7 -0.99999999805505668249
16.8 -0.99999999805505668249
16.9 -0.99999999805505668249
17.0 -0.99999999805505712658
17.1 -0.99999999805505723760
17.2 -0.99999999805505701556
17.3 -0.99999999805505657147
17.4 -0.99999999805505646044
17.5 -0.99999999805505712658
17.6 -0.99999999805505690453
17.7 -0.99999999805505690453
17.8 -0.99999999805505679351
17.9 -0.99999999805505668249
18.0 -0.99999999805505690453
18.1 -0.99999999805505701556
18.2 -0.99999999805505657147
18.3 -0.99999999805505646044
18.4 -0.99999999805505657147
18.5 -0.99999999805505668249
18.6 -0.99999999805505712658
18.7 -0.99999999805505657147
18.8 -0.99999999805505634942
18.9 -0.99999999805505657147
19.0 -0.99999999805505690453
19.1 -0.99999999805505657147
19.2 -0.99999999805505623840
19.3 -0.99999999805505646044
19.4 -0.99999999805505668249
19.5 -0.99999999805505690453
19.6 -0.99999999805505712658
19.7 -0.99999999805505701556
19.8 -0.99999999805505690453
19.9 -0.99999999805505634942
20.0 -0.99999999805505679351
20.1 -0.99999999805505679351
20.2 -0.99999999805505623840
20.3 -0.99999999805505623840
20.4 -0.99999999805505612738
20.5 -0.99999999805505668249
20.6 -0.99999999805505701556
20.7 -0.99999999805505679351
20.8 -0.99999999805505712658
20.9 -0.99999999805505712658
21.0 -0.99999999805505657147
21.1 -0.99999999805505679351
21.2 -0.99999999805505679351
21.3 -0.99999999805505668249
21.4 -0.99999999805505679351
21.5 -0.99999999805505723760
21.6 -0.99999999805505668249
21.7 -0.99999999805505612738
21.8 -0.99999999805505646044
21.9 -0.99999999805505668249
22.0 -0.99999999805505757067
22.1 -0.99999999805505768169
22.2 -0.99999999805505734862
22.3 -0.99999999805505768169
22.4 -0.99999999805505768169
22.5 -0.99999999805505779271
22.6 -0.99999999805505768169
22.7 -0.99999999805505679351
22.8 -0.99999999805505668249
22.9 -0.99999999805505679351
23.0 -0.99999999805505690453
23.1 -0.99999999805505646044
23.2 -0.99999999805505601636
23.3 -0.99999999805505601636
23.4 -0.99999999805505646044
23.5 -0.99999999805505634942
23.6 -0.99999999805505690453
23.7 -0.99999999805505657147
23.8 -0.99999999805505623840
23.9 -0.99999999805505657147
24.0 -0.99999999805505701556
24.1 -0.99999999805505690453
24.2 -0.99999999805505668249
24.3 -0.99999999805505690453
24.4 -0.99999999805505646044
24.5 -0.99999999805505712658
24.6 -0.99999999805505734862
24.7 -0.99999999805505723760
24.8 -0.99999999805505734862
24.9 -0.99999999805505712658
25.0 -0.99999999805505701556
25.1 -0.99999999805505690453
25.2 -0.99999999805505668249
25.3 -0.99999999805505701556
25.4 -0.99999999805505712658
25.5 -0.99999999805505723760
25.6 -0.99999999805505646044
25.7 -0.99999999805505634942
25.8 -0.99999999805505668249
25.9 -0.99999999805505657147
26.0 -0.99999999805505679351
26.1 -0.99999999805505690453
26.2 -0.99999999805505646044
26.3 -0.99999999805505646044
26.4 -0.99999999805505657147
26.5 -0.99999999805505690453
26.6 -0.99999999805505679351
26.7 -0.99999999805505668249
26.8 -0.99999999805505634942
26.9 -0.99999999805505657147
27.0 -0.99999999805505734862
27.1 -0.99999999805505768169
27.2 -0.99999999805505779271
27.3 -0.99999999805505757067
27.4 -0.99999999805505779271
27.5 -0.99999999805505834782
27.6 -0.99999999805505856987
27.7 -0.99999999805505845885
27.8 -0.99999999805505823680
27.9 -0.99999999805505801476
28.0 -0.99999999805505845885
28.1 -0.99999999805505812578
28.2 -0.99999999805505768169
28.3 -0.99999999805505801476
28.4 -0.99999999805505812578
28.5 -0.99999999805505779271
28.6 -0.99999999805505790373
28.7 -0.99999999805505779271
28.8 -0.99999999805505757067
28.9 -0.99999999805505790373
29.0 -0.99999999805505812578
29.1 -0.99999999805505734862
29.2 -0.99999999805505768169
29.3 -0.99999999805505779271
29.4 -0.99999999805505768169
29.5 -0.99999999805505845885
29.6 -0.99999999805505845885
29.7 -0.99999999805505845885
29.8 -0.99999999805505845885
29.9 -0.99999999805505812578
30.0 -0.99999999805505812578
30.1 -0.99999999805505823680
30.2 -0.99999999805505779271
30.3 -0.99999999805505768169
30.4 -0.99999999805505790373
30.5 -0.99999999805505856987
30.6 -0.99999999805505856987
30.7 -0.99999999805505768169
30.8 -0.99999999805505768169
30.9 -0.99999999805505790373
31.0 -0.99999999805505734862
31.1 -0.99999999805505734862
31.2 -0.99999999805505701556
31.3 -0.99999999805505679351
31.4 -0.99999999805505668249
31.5 -0.99999999805505690453
31.6 -0.99999999805505668249
31.7 -0.99999999805505646044
31.8 -0.99999999805505623840
31.9 -0.99999999805505668249
32.0 -0.99999999805505712658
32.1 -0.99999999805505723760
32.2 -0.99999999805505679351
32.3 -0.99999999805505690453
32.4 -0.99999999805505712658
32.5 -0.99999999805505779271
32.6 -0.99999999805505768169
32.7 -0.99999999805505757067
32.8 -0.99999999805505723760
32.9 -0.99999999805505723760
33.0 -0.99999999805505779271
33.1 -0.99999999805505779271
33.2 -0.99999999805505768169
33.3 -0.99999999805505768169
33.4 -0.99999999805505790373
33.5 -0.99999999805505779271
33.6 -0.99999999805505712658
33.7 -0.99999999805505712658
33.8 -0.99999999805505734862
33.9 -0.99999999805505701556
34.0 -0.99999999805505712658
34.1 -0.99999999805505690453
34.2 -0.99999999805505657147
34.3 -0.99999999805505657147
34.4 -0.99999999805505679351
34.5 -0.99999999805505734862
34.6 -0.99999999805505779271
34.7 -0.99999999805505734862
34.8 -0.99999999805505701556
34.9 -0.99999999805505712658
35.0 -0.99999999805505734862
35.1 -0.99999999805505734862
35.2 -0.99999999805505690453
35.3 -0.99999999805505657147
35.4 -0.99999999805505668249
35.5 -0.99999999805505668249
35.6 -0.99999999805505657147
35.7 -0.99999999805505590533
35.8 -0.99999999805505568329
35.9 -0.99999999805505612738
36.0 -0.99999999805505590533
36.1 -0.99999999805505634942
36.2 -0.99999999805505623840
36.3 -0.99999999805505657147
36.4 -0.99999999805505646044
36.5 -0.99999999805505690453
36.6 -0.99999999805505712658
36.7 -0.99999999805505679351
36.8 -0.99999999805505668249
36.9 -0.99999999805505634942
37.0 -0.99999999805505668249
37.1 -0.99999999805505646044
37.2 -0.99999999805505623840
37.3 -0.99999999805505590533
37.4 -0.99999999805505590533
37.5 -0.99999999805505623840
37.6 -0.99999999805505612738
37.7 -0.99999999805505601636
37.8 -0.99999999805505612738
37.9 -0.99999999805505646044
38.0 -0.99999999805505679351
38.1 -0.99999999805505679351
38.2 -0.99999999805505657147
38.3 -0.99999999805505657147
38.4 -0.99999999805505668249
38.5 -0.99999999805505668249
38.6 -0.99999999805505712658
38.7 -0.99999999805505679351
38.8 -0.99999999805505679351
38.9 -0.99999999805505679351
39.0 -0.99999999805505668249
39.1 -0.99999999805505646044
39.2 -0.99999999805505634942
39.3 -0.99999999805505634942
39.4 -0.99999999805505646044
39.5 -0.99999999805505657147
39.6 -0.99999999805505679351
39.7 -0.99999999805505668249
39.8 -0.99999999805505634942
39.9 -0.99999999805505590533
40.0 -0.99999999805505612738
40.1 -0.99999999805505634942
40.2 -0.99999999805505601636
40.3 -0.99999999805505623840
40.4 -0.99999999805505623840
40.5 -0.99999999805505679351
40.6 -0.99999999805505679351
40.7 -0.99999999805505646044
40.8 -0.99999999805505657147
40.9 -0.99999999805505668249
41.0 -0.99999999805505623840
41.1 -0.99999999805505634942
41.2 -0.99999999805505623840
41.3 -0.99999999805505623840
41.4 -0.99999999805505634942
41.5 -0.99999999805505690453
41.6 -0.99999999805505668249
41.7 -0.99999999805505646044
41.8 -0.99999999805505623840
41.9 -0.99999999805505646044
42.0 -0.99999999805505712658
42.1 -0.99999999805505734862
42.2 -0.99999999805505723760
42.3 -0.99999999805505723760
42.4 -0.99999999805505734862
42.5 -0.99999999805505757067
42.6 -0.99999999805505779271
42.7 -0.99999999805505712658
42.8 -0.99999999805505668249
42.9 -0.99999999805505679351
43.0 -0.99999999805505712658
43.1 -0.99999999805505701556
43.2 -0.99999999805505634942
43.3 -0.99999999805505601636
43.4 -0.99999999805505612738
43.5 -0.99999999805505601636
43.6 -0.99999999805505623840
43.7 -0.99999999805505623840
43.8 -0.99999999805505601636
43.9 -0.99999999805505646044
44.0 -0.99999999805505679351
44.1 -0.99999999805505623840
44.2 -0.99999999805505579431
44.3 -0.99999999805505601636
44.4 -0.99999999805505568329
44.5 -0.99999999805505634942
44.6 -0.99999999805505679351
44.7 -0.99999999805505679351
44.8 -0.99999999805505690453
44.9 -0.99999999805505679351
45.0 -0.99999999805505679351
45.1 -0.99999999805505668249
45.2 -0.99999999805505657147
45.3 -0.99999999805505657147
45.4 -0.99999999805505668249
45.5 -0.99999999805505679351
45.6 -0.99999999805505646044
45.7 -0.99999999805505623840
45.8 -0.99999999805505634942
45.9 -0.99999999805505634942
46.0 -0.99999999805505634942
46.1 -0.99999999805505634942
46.2 -0.99999999805505601636
46.3 -0.99999999805505623840
46.4 -0.99999999805505646044
46.5 -0.99999999805505690453
46.6 -0.99999999805505679351
46.7 -0.99999999805505634942
46.8 -0.99999999805505579431
46.9 -0.99999999805505590533
47.0 -0.99999999805505646044
47.1 -0.99999999805505668249
47.2 -0.99999999805505657147
47.3 -0.99999999805505646044
47.4 -0.99999999805505646044
47.5 -0.99999999805505712658
47.6 -0.99999999805505723760
47.7 -0.99999999805505712658
47.8 -0.99999999805505712658
47.9 -0.99999999805505679351
48.0 -0.99999999805505723760
48.1 -0.99999999805505679351
48.2 -0.99999999805505634942
48.3 -0.99999999805505668249
48.4 -0.99999999805505679351
48.5 -0.99999999805505679351
48.6 -0.99999999805505701556
48.7 -0.99999999805505657147
48.8 -0.99999999805505657147
48.9 -0.99999999805505646044
49.0 -0.99999999805505657147
49.1 -0.99999999805505601636
49.2 -0.99999999805505590533
49.3 -0.99999999805505623840
49.4 -0.99999999805505612738
49.5 -0.99999999805505668249
49.6 -0.99999999805505668249
49.7 -0.99999999805505723760
49.8 -0.99999999805505723760
49.9 -0.99999999805505679351
50.0 -0.99999999805505679351
50.1 -0.99999999805505679351
50.2 -0.99999999805505646044
50.3 -0.99999999805505646044
50.4 -0.99999999805505646044
50.5 -0.99999999805505701556
50.6 -0.99999999805505712658
50.7 -0.99999999805505634942
50.8 -0.99999999805505623840
50.9 -0.99999999805505623840
51.0 -0.99999999805505612738
51.1 -0.99999999805505623840
51.2 -0.99999999805505612738
51.3 -0.99999999805505568329
51.4 -0.99999999805505579431
51.5 -0.99999999805505568329
51.6 -0.99999999805505601636
51.7 -0.99999999805505601636
51.8 -0.99999999805505590533
51.9 -0.99999999805505634942
52.0 -0.99999999805505690453
52.1 -0.99999999805505701556
52.2 -0.99999999805505690453
52.3 -0.99999999805505701556
52.4 -0.99999999805505690453
52.5 -0.99999999805505757067
52.6 -0.99999999805505734862
52.7 -0.99999999805505723760
52.8 -0.99999999805505734862
52.9 -0.99999999805505701556
53.0 -0.99999999805505723760
53.1 -0.99999999805505679351
53.2 -0.99999999805505679351
53.3 -0.99999999805505679351
53.4 -0.99999999805505679351
53.5 -0.99999999805505668249
53.6 -0.99999999805505646044
53.7 -0.99999999805505657147
53.8 -0.99999999805505657147
53.9 -0.99999999805505634942
54.0 -0.99999999805505690453
54.1 -0.99999999805505668249
54.2 -0.99999999805505623840
54.3 -0.99999999805505623840
54.4 -0.99999999805505646044
54.5 -0.99999999805505690453
54.6 -0.99999999805505757067
54.7 -0.99999999805505723760
54.8 -0.99999999805505690453
54.9 -0.99999999805505734862
55.0 -0.99999999805505734862
55.1 -0.99999999805505723760
55.2 -0.99999999805505712658
55.3 -0.99999999805505690453
55.4 -0.99999999805505712658
55.5 -0.99999999805505690453
55.6 -0.99999999805505679351
55.7 -0.99999999805505612738
55.8 -0.99999999805505612738
55.9 -0.99999999805505657147
56.0 -0.99999999805505679351
56.1 -0.99999999805505679351
56.2 -0.99999999805505634942
56.3 -0.99999999805505668249
56.4 -0.99999999805505634942
56.5 -0.99999999805505690453
56.6 -0.99999999805505679351
56.7 -0.99999999805505646044
56.8 -0.99999999805505646044
56.9 -0.99999999805505634942
57.0 -0.99999999805505679351
57.1 -0.99999999805505646044
57.2 -0.99999999805505634942
57.3 -0.99999999805505601636
57.4 -0.99999999805505557227
57.5 -0.99999999805505590533
57.6 -0.99999999805505579431
57.7 -0.99999999805505601636
57.8 -0.99999999805505623840
57.9 -0.99999999805505668249
58.0 -0.99999999805505701556
58.1 -0.99999999805505679351
58.2 -0.99999999805505668249
58.3 -0.99999999805505701556
58.4 -0.99999999805505734862
58.5 -0.99999999805505723760
58.6 -0.99999999805505757067
58.7 -0.99999999805505679351
58.8 -0.99999999805505646044
58.9 -0.99999999805505679351
59.0 -0.99999999805505712658
59.1 -0.99999999805505657147
59.2 -0.99999999805505634942
59.3 -0.99999999805505646044
59.4 -0.99999999805505646044
59.5 -0.99999999805505701556
59.6 -0.99999999805505723760
59.7 -0.99999999805505690453
59.8 -0.99999999805505690453
59.9 -0.99999999805505623840
60.0 -0.99999999805505657147
60.1 -0.99999999805505612738
60.2 -0.99999999805505601636
60.3 -0.99999999805505623840
60.4 -0.99999999805505623840
60.5 -0.99999999805505701556
60.6 -0.99999999805505701556
60.7 -0.99999999805505690453
60.8 -0.99999999805505701556
60.9 -0.99999999805505712658
61.0 -0.99999999805505646044
61.1 -0.99999999805505679351
61.2 -0.99999999805505668249
61.3 -0.99999999805505668249
61.4 -0.99999999805505679351
61.5 -0.99999999805505712658
61.6 -0.99999999805505668249
61.7 -0.99999999805505646044
61.8 -0.99999999805505646044
61.9 -0.99999999805505668249
62.0 -0.99999999805505734862
62.1 -0.99999999805505768169
62.2 -0.99999999805505757067
62.3 -0.99999999805505723760
62.4 -0.99999999805505712658
62.5 -0.99999999805505701556
62.6 -0.99999999805505701556
62.7 -0.99999999805505668249
62.8 -0.99999999805505668249
62.9 -0.99999999805505679351
63.0 -0.99999999805505690453
63.1 -0.99999999805505679351
63.2 -0.99999999805505612738
63.3 -0.99999999805505579431
63.4 -0.99999999805505590533
63.5 -0.99999999805505601636
63.6 -0.99999999805505623840
63.7 -0.99999999805505623840
63.8 -0.99999999805505601636
63.9 -0.99999999805505623840
64.0 -0.99999999805505612738
64.1 -0.99999999805505601636
64.2 -0.99999999805505557227
64.3 -0.99999999805505601636
64.4 -0.99999999805505568329
64.5 -0.99999999805505612738
64.6 -0.99999999805505679351
64.7 -0.99999999805505679351
64.8 -0.99999999805505646044
64.9 -0.99999999805505657147
65.0 -0.99999999805505679351
65.1 -0.99999999805505690453
65.2 -0.99999999805505679351
65.3 -0.99999999805505679351
65.4 -0.99999999805505690453
65.5 -0.99999999805505701556
65.6 -0.99999999805505668249
65.7 -0.99999999805505646044
65.8 -0.99999999805505657147
65.9 -0.99999999805505701556
66.0 -0.99999999805505701556
66.1 -0.99999999805505701556
66.2 -0.99999999805505668249
66.3 -0.99999999805505646044
66.4 -0.99999999805505623840
66.5 -0.99999999805505668249
66.6 -0.99999999805505701556
66.7 -0.99999999805505657147
66.8 -0.99999999805505601636
66.9 -0.99999999805505590533
67.0 -0.99999999805505668249
67.1 -0.99999999805505712658
67.2 -0.99999999805505701556
67.3 -0.99999999805505690453
67.4 -0.99999999805505690453
67.5 -0.99999999805505734862
67.6 -0.99999999805505779271
67.7 -0.99999999805505768169
67.8 -0.99999999805505712658
67.9 -0.99999999805505679351
68.0 -0.99999999805505723760
68.1 -0.99999999805505701556
68.2 -0.99999999805505657147
68.3 -0.99999999805505712658
68.4 -0.99999999805505701556
68.5 -0.99999999805505679351
68.6 -0.99999999805505701556
68.7 -0.99999999805505679351
68.8 -0.99999999805505679351
68.9 -0.99999999805505646044
69.0 -0.99999999805505679351
69.1 -0.99999999805505601636
69.2 -0.99999999805505612738
69.3 -0.99999999805505646044
69.4 -0.99999999805505634942
69.5 -0.99999999805505712658
69.6 -0.99999999805505668249
69.7 -0.99999999805505679351
69.8 -0.99999999805505679351
69.9 -0.99999999805505634942
70.0 -0.99999999805505634942
70.1 -0.99999999805505634942
70.2 -0.99999999805505601636
70.3 -0.99999999805505601636
70.4 -0.99999999805505579431
70.5 -0.99999999805505612738
70.6 -0.99999999805505646044
70.7 -0.99999999805505568329
70.8 -0.99999999805505579431
70.9 -0.99999999805505601636
71.0 -0.99999999805505546124
71.1 -0.99999999805505535022
71.2 -0.99999999805505546124
71.3 -0.99999999805505546124
71.4 -0.99999999805505579431
71.5 -0.99999999805505568329
71.6 -0.99999999805505535022
71.7 -0.99999999805505512818
71.8 -0.99999999805505479511
71.9 -0.99999999805505523920
72.0 -0.99999999805505601636
72.1 -0.99999999805505612738
72.2 -0.99999999805505601636
72.3 -0.99999999805505634942
72.4 -0.99999999805505623840
72.5 -0.99999999805505679351
72.6 -0.99999999805505623840
72.7 -0.99999999805505590533
72.8 -0.99999999805505623840
72.9 -0.99999999805505590533
73.0 -0.99999999805505634942
73.1 -0.99999999805505634942
73.2 -0.99999999805505634942
73.3 -0.99999999805505634942
73.4 -0.99999999805505634942
73.5 -0.99999999805505646044
73.6 -0.99999999805505668249
73.7 -0.99999999805505657147
73.8 -0.99999999805505679351
73.9 -0.99999999805505634942
74.0 -0.99999999805505668249
74.1 -0.99999999805505690453
74.2 -0.99999999805505668249
74.3 -0.99999999805505646044
74.4 -0.99999999805505646044
74.5 -0.99999999805505646044
74.6 -0.99999999805505679351
74.7 -0.99999999805505701556
74.8 -0.99999999805505690453
74.9 -0.99999999805505712658
75.0 -0.99999999805505690453
75.1 -0.99999999805505679351
75.2 -0.99999999805505690453
75.3 -0.99999999805505668249
75.4 -0.99999999805505668249
75.5 -0.99999999805505623840
75.6 -0.99999999805505634942
75.7 -0.99999999805505612738
75.8 -0.99999999805505612738
75.9 -0.99999999805505634942
76.0 -0.99999999805505634942
76.1 -0.99999999805505634942
76.2 -0.99999999805505612738
76.3 -0.99999999805505646044
76.4 -0.99999999805505634942
76.5 -0.99999999805505668249
76.6 -0.99999999805505679351
76.7 -0.99999999805505646044
76.8 -0.99999999805505668249
76.9 -0.99999999805505679351
77.0 -0.99999999805505723760
77.1 -0.99999999805505690453
77.2 -0.99999999805505657147
77.3 -0.99999999805505623840
77.4 -0.99999999805505623840
77.5 -0.99999999805505657147
77.6 -0.99999999805505623840
77.7 -0.99999999805505623840
77.8 -0.99999999805505646044
77.9 -0.99999999805505646044
78.0 -0.99999999805505657147
78.1 -0.99999999805505612738
78.2 -0.99999999805505579431
78.3 -0.99999999805505568329
78.4 -0.99999999805505601636
78.5 -0.99999999805505612738
78.6 -0.99999999805505679351
78.7 -0.99999999805505634942
78.8 -0.99999999805505601636
78.9 -0.99999999805505657147
79.0 -0.99999999805505690453
79.1 -0.99999999805505679351
79.2 -0.99999999805505657147
79.3 -0.99999999805505690453
79.4 -0.99999999805505712658
79.5 -0.99999999805505757067
79.6 -0.99999999805505779271
79.7 -0.99999999805505768169
79.8 -0.99999999805505712658
79.9 -0.99999999805505690453
80.0 -0.99999999805505723760
80.1 -0.99999999805505757067
80.2 -0.99999999805505712658
80.3 -0.99999999805505712658
80.4 -0.99999999805505723760
80.5 -0.99999999805505768169
80.6 -0.99999999805505779271
80.7 -0.99999999805505757067
80.8 -0.99999999805505734862
80.9 -0.99999999805505712658
81.0 -0.99999999805505701556
81.1 -0.99999999805505723760
81.2 -0.99999999805505701556
81.3 -0.99999999805505712658
81.4 -0.99999999805505679351
81.5 -0.99999999805505723760
81.6 -0.99999999805505668249
81.7 -0.99999999805505634942
81.8 -0.99999999805505668249
81.9 -0.99999999805505690453
82.0 -0.99999999805505757067
82.1 -0.99999999805505734862
82.2 -0.99999999805505690453
82.3 -0.99999999805505690453
82.4 -0.99999999805505690453
82.5 -0.99999999805505723760
82.6 -0.99999999805505768169
82.7 -0.99999999805505701556
82.8 -0.99999999805505668249
82.9 -0.99999999805505723760
83.0 -0.99999999805505768169
83.1 -0.99999999805505734862
83.2 -0.99999999805505690453
83.3 -0.99999999805505668249
83.4 -0.99999999805505690453
83.5 -0.99999999805505657147
83.6 -0.99999999805505646044
83.7 -0.99999999805505634942
83.8 -0.99999999805505623840
83.9 -0.99999999805505657147
84.0 -0.99999999805505679351
84.1 -0.99999999805505623840
84.2 -0.99999999805505557227
84.3 -0.99999999805505601636
84.4 -0.99999999805505579431
84.5 -0.99999999805505668249
84.6 -0.99999999805505712658
84.7 -0.99999999805505679351
84.8 -0.99999999805505690453
84.9 -0.99999999805505668249
85.0 -0.99999999805505657147
85.1 -0.99999999805505668249
85.2 -0.99999999805505623840
85.3 -0.99999999805505634942
85.4 -0.99999999805505646044
85.5 -0.99999999805505701556
85.6 -0.99999999805505668249
85.7 -0.99999999805505634942
85.8 -0.99999999805505668249
85.9 -0.99999999805505679351
86.0 -0.99999999805505657147
86.1 -0.99999999805505690453
86.2 -0.99999999805505668249
86.3 -0.99999999805505668249
86.4 -0.99999999805505657147
86.5 -0.99999999805505712658
86.6 -0.99999999805505701556
86.7 -0.99999999805505668249
86.8 -0.99999999805505634942
86.9 -0.99999999805505657147
87.0 -0.99999999805505712658
87.1 -0.99999999805505768169
87.2 -0.99999999805505779271
87.3 -0.99999999805505779271
87.4 -0.99999999805505801476
87.5 -0.99999999805505812578
87.6 -0.99999999805505834782
87.7 -0.99999999805505823680
87.8 -0.99999999805505801476
87.9 -0.99999999805505801476
88.0 -0.99999999805505845885
88.1 -0.99999999805505812578
88.2 -0.99999999805505768169
88.3 -0.99999999805505823680
88.4 -0.99999999805505812578
88.5 -0.99999999805505779271
88.6 -0.99999999805505812578
88.7 -0.99999999805505801476
88.8 -0.99999999805505779271
88.9 -0.99999999805505790373
89.0 -0.99999999805505768169
89.1 -0.99999999805505734862
89.2 -0.99999999805505768169
89.3 -0.99999999805505779271
89.4 -0.99999999805505768169
89.5 -0.99999999805505823680
89.6 -0.99999999805505823680
89.7 -0.99999999805505845885
89.8 -0.99999999805505845885
89.9 -0.99999999805505790373
90.0 -0.99999999805505790373
90.1 -0.99999999805505779271
90.2 -0.99999999805505757067
90.3 -0.99999999805505768169
90.4 -0.99999999805505768169
90.5 -0.99999999805505834782
90.6 -0.99999999805505834782
90.7 -0.99999999805505768169
90.8 -0.99999999805505768169
90.9 -0.99999999805505812578
91.0 -0.99999999805505734862
91.1 -0.99999999805505734862
91.2 -0.99999999805505723760
91.3 -0.99999999805505701556
91.4 -0.99999999805505712658
91.5 -0.99999999805505712658
91.6 -0.99999999805505734862
91.7 -0.99999999805505734862
91.8 -0.99999999805505668249
91.9 -0.99999999805505668249
92.0 -0.99999999805505712658
92.1 -0.99999999805505723760
92.2 -0.99999999805505701556
92.3 -0.99999999805505734862
92.4 -0.99999999805505734862
92.5 -0.99999999805505801476
92.6 -0.99999999805505790373
92.7 -0.99999999805505757067
92.8 -0.99999999805505723760
92.9 -0.99999999805505701556
93.0 -0.99999999805505723760
93.1 -0.99999999805505723760
93.2 -0.99999999805505690453
93.3 -0.99999999805505690453
93.4 -0.99999999805505712658
93.5 -0.99999999805505723760
93.6 -0.99999999805505734862
93.7 -0.99999999805505734862
93.8 -0.99999999805505734862
93.9 -0.99999999805505701556
94.0 -0.99999999805505734862
94.1 -0.99999999805505712658
94.2 -0.99999999805505679351
94.3 -0.99999999805505657147
94.4 -0.99999999805505701556
94.5 -0.99999999805505734862
94.6 -0.99999999805505757067
94.7 -0.99999999805505734862
94.8 -0.99999999805505723760
94.9 -0.99999999805505734862
95.0 -0.99999999805505734862
95.1 -0.99999999805505768169
95.2 -0.99999999805505768169
95.3 -0.99999999805505757067
95.4 -0.99999999805505768169
95.5 -0.99999999805505734862
95.6 -0.99999999805505757067
95.7 -0.99999999805505679351
95.8 -0.99999999805505657147
95.9 -0.99999999805505679351
96.0 -0.99999999805505679351
96.1 -0.99999999805505679351
96.2 -0.99999999805505668249
96.3 -0.99999999805505701556
96.4 -0.99999999805505712658
96.5 -0.99999999805505768169
96.6 -0.99999999805505734862
96.7 -0.99999999805505701556
96.8 -0.99999999805505690453
96.9 -0.99999999805505679351
97.0 -0.99999999805505734862
97.1 -0.99999999805505690453
97.2 -0.99999999805505668249
97.3 -0.99999999805505634942
97.4 -0.99999999805505634942
97.5 -0.99999999805505712658
97.6 -0.99999999805505679351
97.7 -0.99999999805505668249
97.8 -0.99999999805505701556
97.9 -0.99999999805505712658
98.0 -0.99999999805505723760
98.1 -0.99999999805505701556
98.2 -0.99999999805505679351
98.3 -0.99999999805505657147
98.4 -0.99999999805505668249
98.5 -0.99999999805505668249
98.6 -0.99999999805505712658
98.7 -0.99999999805505634942
98.8 -0.99999999805505612738
98.9 -0.99999999805505657147
99.0 -0.99999999805505690453
99.1 -0.99999999805505646044
99.2 -0.99999999805505612738
99.3 -0.99999999805505612738
99.4 -0.99999999805505623840
99.5 -0.99999999805505657147
99.6 -0.99999999805505679351
99.7 -0.99999999805505690453
99.8 -0.99999999805505679351
99.9 -0.99999999805505634942
