1707411438
0.00448989840433462739
-0.00745007326242051043
0.01121452702731570716
0.04275627440901301479
-0.05190627558711276984
0.01705454681862823146
-0.00859665535790690716
-0.06508803971348703366
0.05685958874265645280
-0.05110823258343535902
0.05755245460083358022
-0.06080708287693890879
0.02054630225549744504
-0.04329047479819993910
-0.05720265785101925904
-0.02982441113787909215
-0.01092974921266071098
0.04520848018359788223
-0.02372668125840214637
-0.00027507063945525490
-0.00963203236909212016
-0.08519654874000537337
0.00331508359094853308
-0.02967494881231103748
-0.05313748356566647124
0.07842033369393103248
-0.00898092035622377605
-0.00869971136967638559
-0.00025219032552661197
-0.02552894294519394980
0.00847816900744949309
-0.01016760766979661612
0.00737216156319349392
-0.00216680243712236154
0.02300562696671376584
-0.09198747658728970156
-0.08566239699053690426
-0.00485509317594351453
-0.02746861368765525502
-0.02217264111254952513
-0.01531322338400093255
0.02380887378184538133
0.07386094330524138607
-0.01272876188751718290
-0.03688102380227345489
0.01615390475660279102
0.00638894103764972576
0.06914556499996482586
-0.05897283053909095629
-0.00259341714093155873
-0.03546311056030126974
-0.02259360897475556906
0.02823508099104981434
-0.00347282095042653061
-0.06197874418551976156
0.02016037009663897150
0.03060223047183931178
-0.00158611135631153005
0.05907840624408722263
0.07807192661709708159
-0.05257257816967207675
-0.00620547244614245291
0.00021212836737379004
-0.03242253457774527114
0.02991885507009870229
0.00527209430247177480
-0.02959684554003033652
-0.02666976313417301209
-0.04477021686954898994
-0.00059529724558596286
0.04421195385242439324
0.01595907132884442914
0.06353431663640511651
-0.02072264213148627271
0.00005808663557194810
-0.05518989486395841498
-0.04842488423382160234
0.00130187128731136526
0.00154472524372149464
-0.00697345803816497994
0.03386338489775703176
0.02591932473048538105
-0.01902287845454313231
0.00290477476218006098
0.06910697755827893696
-0.07054205647229314091
0.02187455027451485484
-0.01186688445129752134
-0.04021002526404803684
0.00802158965171387295
0.02475975785626087500
0.00733356979085764138
-0.00856367247577927149
0.02812211775599146590
-0.02248522230539713729
0.02444463298863015777
0.01944729593556714792
-0.08435529814304565388
0.04961351926886175406
0.03663132206379963313
0.02085895408916237787
0.03203942805157947160
-0.08849371969164056273
-0.07185762881853507977
-0.01241698312220023553
-0.06885568358416468970
-0.01100434433249958786
-0.01132235164350008094
-0.05288667280827027972
0.07341303586653109836
0.03794842578375172415
-0.06399373256787366238
-0.05177837356542161484
-0.04217986098592163557
0.07020044590821510055
0.01655564239088242601
0.06054072657625224341
0.03379290426792246060
0.06876761390304549082
0.04334326192892308527
-0.00190076371743379269
0.06869340546833975492
0.01296546450488524245
-0.03247312499791063511
-0.02582918015580120547
-0.01529310346361860418
-0.06120242041591666959
-0.03048503283899512556
-0.02763586678897769072
-0.01514564837103041586
0.02178656715982901088
-0.06637602106964962667
0.05000506432261553336
0.05437430052756067611
0.02935215864766023419
-0.02487669117975826322
0.07220514070810990503
0.01454628678716080037
0.00118776806685504110
0.04524939676991170112
0.02301307261130450255
-0.01252216655412789759
-0.04933054281833141458
-0.05117014187908273254
0.08432790678196024070
-0.03440183058120394044
0.03509420372317275522
-0.01155823250839405070
-0.03336096840601460167
0.00387194608518477701
-0.05946636975718028878
0.02344258512530596195
0.02281196910087576746
-0.00209062402233976818
0.02006203360858468954
-0.00064167501434761963
-0.02688493403926721717
0.00488575827557861248
0.04382895894526921132
0.04681811353509226364
-0.01260017394674949748
0.03427133948275416092
0.01163843134960086678
0.00759329768251315075
-0.03447082519273778067
-0.02573134686133421445
-0.00953950142000779128
0.01880157595444544028
0.03570011003674014582
-0.06272779524453347966
-0.04013027541345465243
-0.00116275027448439761
0.02346668812607726612
-0.04323068640345274771
-0.04256137569554215017
-0.00454748734112246731
0.01600371003896171318
-0.03266751991243452280
-0.04756304102370656484
0.00591960428558270524
-0.01360897855535567885
0.02402893883363761002
0.07789949559508799193
-0.00987601238762775280
0.05954146667362258949
-0.03063825090911157997
0.06402672210895768434
-0.04760401833225229307
-0.02807799322906787826
0.05478905712011692547
0.01275272234936837557
0.07419908143309833504
-0.02003457821907222297
-0.04360142636280572859
0.01645733924417632985
-0.04963148555235541437
0.04250643525389323496
-0.02030011937967507452
0.01722796802279910611
-0.06599446375202129567
-0.00277993944603015242
-0.00381937422967486978
-0.02843371589129498750
0.04874019271169797995
0.05774190265580170234
-0.02715107809153901458
-0.04622918052888903145
-0.00074894269963211857
-0.01142043523090912130
-0.03386137803730619039
0.01796780886033914199
0.00788526465552172318
-0.00909541026181327761
-0.01911982517648480595
-0.04259098653802227685
0.08490199236427527218
0.01825299641036103038
0.01587585658574285075
-0.07034077456702514386
0.03330757139870320349
0.06814529898955733189
-0.04210424699918565578
0.05320449664872348161
0.05565235971270705156
0.01279644123874438752
0.04682096538451545331
0.03829811808573925502
0.09123849416674977009
-0.05770862477724841844
0.03733526549177954706
-0.01299561998480727731
0.05432946265411071896
0.00331987575782458078
-0.00492334310194633695
-0.06517863164897014228
-0.07961977081355628427
0.03454072160392101382
0.02488278575468938492
0.03542279253500644348
0.02952927953076050355
0.00232612704966502631
-0.02101651626686403679
0.03105647486218087588
-0.03017304718036812466
-0.05765935324954770541
-0.02695176132347051889
0.02939947598120173228
0.03460240309806651704
-0.00241697956920460671
0.06569845288325962263
-0.04193671170712295893
0.03537105602928020121
-0.03564533578960473598
-0.01965077199025580534
0.04078898715823375820
-0.05200330966711198821
-0.01377124768391774223
-0.01626064079639532103
-0.00279784808065641722
-0.00936692287650281452
-0.03927146980505040463
-0.03111217465769133828
-0.00894098296246537139
0.02284735777547927671
-0.06683071161007075878
0.02104642615702301961
-0.02537550745782232026
-0.01616341351352791611
0.01667132387714055641
-0.06124338659515763533
-0.02593567805641129598
0.00057542510357472959
-0.08626652214967948928
-0.02242169865519819116
-0.06211890380928242195
-0.04952157160710615735
0.03189269422175954050
-0.01126236753131373315
-0.07714351787098847057
0.01159374858792580273
0.00013080076320599182
0.04725834724831318168
-0.01094234320844633679
0.01373445010452272602
-0.00471925181556458184
0.06318929161093631008
0.03924436729366163890
-0.07036185565887105586
-0.05192049911800795947
-0.03608652508635377260
-0.02457217589233638005
-0.01542977654162318649
0.03375815704174254389
-0.06972777055098106080
-0.01510715387533752285
0.01264040973626096021
0.07450615273532744387
0.05977894019325216690
-0.00900630937377284307
-0.03070720989755690647
0.02600445371400772476
0.05561950889212056992
-0.00375320166524182805
0.01822666610508536997
-0.00752590112738585337
0.03028689638259210448
-0.00346795567472836519
-0.02477755878343133183
-0.01183502427853412586
-0.01309515946223176186
-0.05263935129746764863
0.05808146873399684662
-0.04055599288109504319
-0.01456938912839134993
-0.00862620096124065705
-0.06328786349077145101
0.08720548259429890259
0.08262707366730416558
0.07758929863459863852
-0.07222141990075885143
-0.01700611925544501940
0.03796532039435827899
0.07292259622966992816
0.00981612639027466816
0.01868243232308069990
0.03414539375069801375
-0.00373378293762625241
-0.01209011762965942101
0.01008727122567932427
0.00614792192641083757
-0.07193610592369741041
0.01883932287750735013
-0.06480829625614374645
-0.00127834244690758214
0.00232013622406876960
-0.01715560025403071315
-0.01543428595896544075
-0.03516005805468189194
0.03399748165812225414
0.01857588212870801489
-0.02862296482949655552
-0.08127700513288239892
0.04494813822440249518
-0.07664652358584410352
-0.02002662956715870954
-0.04350352047174402270
-0.02763854327035999980
0.02330664117974538818
-0.02319780114255742820
0.02033416280538503235
-0.05147146375452701927
0.06443635205013507894
0.02398828255198350717
-0.00941743953592024882
0.00393236228447983033
0.01066567809817645096
-0.03812028162093846623
0.04295264973442659839
0.03602155024931839172
0.06186326596041362424
-0.00419247551085076553
0.02403218514473745571
-0.00630445219869932641
-0.02427785835428063893
-0.03063287508237775431
0.04962008169368845728
-0.00076513309067355317
-0.04901008859696336095
-0.05666727240042168656
-0.01879108637515040231
0.05073091445990415838
0.02257448729247528429
-0.07873673531167987849
0.01943848930273134323
0.03183326312891825161
-0.02672026447333407731
-0.00033849938788382827
-0.00419023130284167100
0.04465074694932008592
-0.03614520497440603525
0.06758821479398206822
-0.06808646696996245584
0.02753131036997368691
-0.00995376892851375372
0.02447591639332283298
0.01812912776047789082
0.06312973641936189817
-0.01218253644750571900
0.00623075198672281422
0.04167781595218826574
-0.01144229197476165708
0.06570480264057630693
0.01226947215025754601
-0.01842374304236087806
0.03304648168061230518
-0.02906190912661231127
0.05890592865594940220
-0.03254222200836158485
-0.01424493157036831742
-0.04269872319078946155
0.02875915375946050054
-0.01456218451008302328
0.01613401957607547843
0.07628189119337216995
-0.01948876819549537343
0.06042878667843938623
0.03291725853128231460
0.05728814837396524473
-0.01235183948294811540
0.00210694968798522120
-0.01570454277829478468
-0.07867066146743981192
-0.02410333553520187244
0.02963862476387928158
0.04629112568045552767
-0.02811728242231405911
-0.03762969390378784890
-0.03306083056752608801
-0.06942418798311808525
0.00086909718851982398
-0.03881923236829193380
-0.01984401639543661305
-0.01256852700028965666
-0.06071524324860202992
-0.02369146278299924524
-0.00422572428557356494
0.01443674695418996345
0.00380538031636057199
0.00589073077118523747
0.05198514426685178075
0.02038390660676355978
-0.07276786429470770423
-0.01881160518099163695
0.06125853837526336332
-0.06260763432952000385
0.02285125070384296658
-0.07657448075552214517
-0.00732884048825539758
-0.05954863380619726532
-0.01406337423904956141
-0.02665237734404037398
-0.02263610210392442978
-0.00118548437076876345
-0.02188221906399458183
0.01461328324610986634
0.05688710280549112708
0.05397078700082879460
0.01775140250928300412
-0.02170945635145039854
-0.05307661139083868357
0.04113757635519726952
-0.08574395733221619464
-0.02721812642515549635
0.07542008789042947692
-0.06111688165046130078
0.02999314317945071806
-0.05693238501294161508
0.00001511052251565448
-0.01147368075860370068
-0.05341262302986003740
0.00823581661481215949
0.03813679229381345542
-0.01240628171358548748
-0.00263421470422027862
0.03489813559451054870
-0.01843282874600627244
0.01406381317137918308
-0.05940119254374932878
0.00275041605473981196
0.00007892646830478731
-0.02262439114163834059
0.05386427540977685446
0.03742911072328181099
0.06232535441514354402
-0.06798772265575254992
-0.07090496768751414214
0.01238721120748072224
0.00245469748156829440
0.02312001936282963646
-0.03413480866427291011
-0.05589034341084321567
0.03405386686048184758
0.04325557651149835453
0.04501915650675965969
-0.00932843042971959191
-0.01236047307604945522
-0.02482984747031231898
-0.01150959781907015533
-0.00461681187367850299
0.03855469307794920364
0.05972848793479077628
0.06764355942962857471
0.03488154999673440115
-0.02790337150353164319
-0.03008126045115350200
0.01601972422377193755
-0.01460581757808375111
-0.02779813414802687760
0.02472626530785404508
0.07465575140652049024
-0.03768089475933505267
-0.01655498683292185025
0.00379908052450003003
-0.04991147906981011767
0.02275117180438301218
0.02657773412139049357
-0.04370706060142585253
0.05459535878831306421
0.06431955032251755744
0.04917605866174031004
-0.03534619292958927905
-0.05173331413033106785
0.01526937383006762849
-0.02130225171395683237
-0.06231042591962518418
-0.04460652617020836180
0.01564877788333630254
0.03749793709139243036
0.01077390225174552907
0.01863012701209174060
-0.02377032801684472382
0.01600473374873619126
0.03942915449823677920
0.02369710073047181717
-0.00270792027130160179
-0.06201300554071227655
0.03806894213802597404
-0.08800612380169615945
0.00672223209716483333
-0.00666604503368310036
0.04404512422347681144
0.04442048545201332521
-0.01243408425358781544
-0.02085823957848280397
-0.03049511952814419613
0.03186489200772014280
0.04297974842739280682
-0.02174283620982562365
0.01846971820037332859
-0.01384239243988059226
0.07482742381972606882
-0.02229231527181915057
0.01039828234836379095
-0.03376531826041886952
0.08039318550396391816
0.06153232057650215303
0.00829606550200658738
-0.01586778825887841943
-0.01212877152121103613
-0.00579820084655573165
0.06104585954968158590
0.00311066140565586374
-0.02606368322207764515
-0.01356548928356053618
-0.01667791037665583218
0.00816783290736742412
-0.00326327970403400558
0.07104587921455776667
-0.02442292153109933139
0.02425551704329230104
-0.00315080238652917788
-0.01959142639282691889
-0.00825935644482232029
0.00100724422419780357
0.02781475741780118846
0.03698798093804530479
-0.07872426560089192116
-0.00711377524170735132
0.02146646744639914284
0.08761808624845840443
-0.04808714634184126785
-0.03706192967345097594
-0.01833856339489042808
0.05578457659845453831
0.07126451040211344290
0.01320877904687485505
-0.03417206892472322149
0.07325897099136328972
0.05815813795577649131
0.03718044666442109347
-0.03052474149992909919
-0.02516648779863794178
0.01426706985303530240
-0.01403695583065829589
0.04704047243438684578
0.04052209427604549358
-0.03063295061263858476
0.04760290004667031005
0.03744411409713519628
0.00826700106648121935
-0.01657242994595897745
0.07682233242170062593
0.01509313267427177252
0.00682407575977225095
0.02434751848892659221
0.05922416595705980169
-0.08182705006647253421
-0.01542623011182352871
0.00177741502494430798
-0.03182644300713503849
-0.05588205561781398045
0.04777121345874444508
0.01215581582493885371
-0.03548652028454771235
-0.00123841008229105820
0.05830855423505816593
-0.00574373919784265663
0.03144466110106775014
-0.01478781011644184074
0.08260066410647735891
-0.01772674080809892583
0.00338248526834998911
-0.02411749201087164812
0.03288622891199133313
-0.04150693087908761958
0.02647781038027154435
0.00975543708063449089
-0.08390399277392029953
-0.03037686284183377383
-0.02848881735861712172
-0.04661003227653448544
-0.04942611299894103527
-0.03504937660649855291
-0.04300437804451416601
-0.07971271513016556232
-0.04027747844358788021
-0.01857888406076416837
0.00300675323373020970
-0.04893873806527757747
0.03496354698900298874
0.03695276795744559251
0.01216534460529933824
-0.06430961888484172662
-0.03138054214947881559
0.00887083877291103273
0.07369824539576576294
0.06995037746147736435
0.00990703497543327094
0.00629068040581917676
-0.01493618591452772204
0.00649894294631617880
0.02913850943052141360
0.00789134242008036890
0.04522368290704846527
0.06803824471684091768
-0.03149306463612852602
0.04162858712562759328
0.05169921766580046207
-0.09106636833914852347
-0.01736751348588966293
-0.03955068399177431165
-0.01993472311642707079
0.08060286421356856190
-0.03469930581501652622
-0.04312503121007468798
0.01347150984847524102
-0.00484915618079209340
-0.04870602942477261776
-0.02524471819645014020
0.06199479054752493612
-0.02329511676137108189
-0.05221546094502110824
-0.08882599425913113855
-0.00434756144152375311
-0.08019756785603128491
0.03791210797518124176
-0.06538434320380183407
0.01065144157533135655
-0.09205030332880574651
0.00211206558258834540
0.02631664398420445472
-0.07180142289577116921
-0.04180640538307204418
0.02450967404270064376
-0.02398979883826793391
-0.02425759715226367269
0.01700619040848976027
-0.02895144523538250442
0.02301069857692844209
-0.05171216635578878423
-0.05501408169745192894
0.02306487891965772891
0.00417732643158050254
-0.00517990389148700187
0.00966845620873777942
-0.02304831148267179330
0.01251573702903266416
-0.04254741214334379490
-0.01535718660585452117
0.00365820797330615455
0.06846672644301630972
0.01336809895623852600
0.00292755272375771342
0.01365311290773243286
0.05111764699738363671
0.06875138206814945807
-0.05185911187523002674
-0.02429485964788815483
-0.07446741870346824943
0.06444523765912524293
-0.03254260194140606854
-0.02881386239492048085
-0.05345280824855566659
-0.04931753335954507794
0.01060098736109257866
-0.00815698029853260953
-0.06625871456519641378
0.06454063046935044901
-0.01037222766800421914
-0.03739291063388480024
-0.05986531016410576167
-0.06315101551038725114
0.02317473228237345445
0.04059379256358081056
-0.01692063874421670389
0.08390835108417475652
0.04643595625946110583
0.03050989440200379404
-0.01626678594214227280
-0.07582684689007086754
0.03553303565621983989
-0.02659808496320531165
0.02122729146910239117
0.00594315915645247592
0.01613628879009573053
-0.04839951696265466785
-0.00009128008973379592
-0.05545344336677969499
0.00100359236868265145
0.07179076577154488992
-0.00982062072019122823
0.03461971298540929276
0.01079360535870940024
0.02959848350360917701
0.04632196833673955794
-0.01113897925761479779
0.06978780947150095559
0.05112932499085055121
0.00020548123875886726
0.00187016460200313366
0.02562273266987070974
-0.02738725143828766445
0.04192011516630655271
0.04861490472621046027
0.00229965434516764267
0.02700666111288901883
-0.02389521283278950303
-0.07090563092888595154
0.02675598129944689596
-0.01857478810407908743
-0.08753551085830457712
0.05493295353601359426
0.03254916837091985371
-0.02673260053933253569
-0.03686523746553121983
-0.05090358054773116980
0.02860821170201907973
0.01428894773791029166
-0.06113152679108620202
0.01345203431018256873
-0.01669047717782225215
-0.06635283886750827087
0.00208506938167151573
-0.05368729753125799087
0.02143438282489515401
0.00191900022417260119
-0.00197585309016325844
0.01615117057978696091
-0.03708576785264806885
-0.03667203524926307412
0.06455613414969116337
0.01480648983959411552
-0.06586644768988082765
-0.03630732746622866713
-0.00800071005150708447
-0.08582984692688559736
0.01760340212732712517
-0.06527687728650721777
0.01055884445577805891
0.04852952214355092664
0.00877373954689769642
0.06589209929382992825
0.00730047598821131905
-0.06262879830907508438
-0.02853816017906096736
-0.00373629727574823628
-0.08687644930876627092
-0.07081768036392409316
-0.05983436995178198492
0.02025912856695202130
0.07001969901380114547
0.00747373276738158565
-0.01775340415432741931
0.00731157255699465929
0.02323268075624139103
-0.07520133246444229980
0.00628961688200460611
0.03880430671330741682
0.07273403660987227959
-0.01619519908735305574
-0.02312532510753970150
-0.01978614973825688905
-0.00886130384582155955
0.03725532863161309938
0.00227116202110013571
-0.03653075380089263607
-0.00805626125450072117
-0.04008603796366883021
0.01313983444736331607
0.06699577493918863758
0.02306662915417301285
-0.03162106463295458192
-0.01751479078899826486
0.04294633881326129221
-0.01664124956198094474
-0.00058487788801309115
0.00681964331624081155
0.05023165091417340633
-0.01097485777501708282
0.02926266571938183902
0.04500143660465322909
-0.03641283481214793033
-0.03632510920815408550
0.01113550984819209819
-0.00927333827562318996
0.01318724034968168923
-0.03007427283100518045
-0.05685046322497095544
-0.01125058224948615598
0.00763018215430443653
-0.08715298482549982406
-0.06765840652755387985
0.08667427664002137766
0.01762499800772638486
-0.02993977620729234776
-0.03300427693547881847
0.03961957550589907673
0.05200683565438111999
-0.04591598452344349685
-0.01989080855617802318
0.04127363019682171036
-0.04139603196708301069
0.07486260751023079973
-0.03638970630075303442
-0.01215061960376362382
-0.06427980664385474219
-0.02171422001985564079
0.02036305410804369748
-0.04936496883135520902
0.04065947543860388980
-0.01512428434338619621
0.03575691531214719027
0.03823808670893223682
0.02778975736712561984
0.05090609637596928139
0.03713277943298816386
0.00119538060445123495
-0.09662091624765699327
-0.00250974777271494379
0.03967001328229440016
0.03822985325857525263
-0.01396397185230812549
0.04345199346703105397
-0.01852431018768078280
-0.05561286576819274297
-0.08521772040297170836
-0.07020963643221633799
-0.04624185904219833138
0.03830294582913767315
-0.03964944753779538200
-0.01055315281755903750
-0.01861123145493270847
-0.00677992077860045672
-0.03329978423812417210
0.05175722979556641318
-0.02395003602092622003
-0.01823956445708849877
0.00650271619972898896
-0.03151492571063103931
0.01929945364561838628
0.01011357112327290753
0.04213505845616341561
-0.01537907194131011082
0.00793238496777247393
0.07744109778545847644
0.01213291590666999535
-0.03423373081452853184
0.05753017266165940530
-0.02171046325085241105
-0.05030332019101051849
0.03060061737457318853
0.02003384945915725676
-0.01216736413173719750
-0.06242651816570503331
0.01451497157780220343
0.06918991877194025086
-0.00904533137057225017
-0.03546752265443444546
0.00721817650237036035
-0.00150052947062093156
-0.05925220034981715928
0.05154721911602989926
0.00415407084122023512
-0.03449958280404079314
0.03330778006152611964
0.01249037408851570025
-0.05905625925355417055
0.07626945026045174603
-0.04093921084000692878
0.08509408681890653914
0.07071586752809391752
-0.00179569660769574729
-0.03439101741388022465
-0.06275386724749294765
0.03520164300464170143
0.05748643332975285347
0.04637798971793520575
-0.01753648850952111565
-0.08188895596279248401
0.03297566810295715634
0.06316102573795293051
0.01532722144170069190
-0.02200973430742031445
0.03288114309910739747
0.00543960370376687236
0.01062681549723577812
-0.02774076472396998921
0.03782600724968408767
-0.02843210041915630176
0.01069537685750768935
0.01081774328407726984
-0.01728101480625616332
-0.02278453746008897440
0.00772779342146952784
0.01314642541722693680
-0.05325466937071395013
-0.01383049633066658901
-0.01958778250011976307
0.05366922368000690002
0.00121082412135360001
-0.06873140971582915315
0.03526429847593619271
0.02066875846156326912
-0.05860395667078157483
0.04816244568124528752
-0.00099379937210762603
0.02027323037398663652
0.01617592178107049236
0.04690768250585890947
-0.00718480060211607041
-0.03539282331959942712
0.03636155893856732324
0.00163308209815671290
0.01493644966508096694
0.03006713694430288020
0.01441113306880514172
0.02798491335845781566
-0.03513644721132536813
0.02276573713066323140
0.04089032981586192966
-0.04164898369538085759
0.02990837159096653916
0.02162171621882436057
-0.02388706050062881087
-0.03001199147198907805
0.02858350650807074678
0.00848866897099124357
-0.01462813448842063824
-0.01828115830117890001
-0.03457594324582068113
-0.08354441113003735486
-0.02687829422153452386
0.02951062132115971071
-0.00690582604469071326
-0.05575514536153298312
-0.07679545887596694875
0.07388103416835938020
-0.01877988237830804930
-0.00080279395952950749
-0.03596785107439749718
0.02626119611145054378
-0.09621960036280546857
-0.04243927930595321057
0.04487161605845747109
-0.01053941967456575174
0.05106554098942575615
-0.00986913741094485458
0.05035667142381737571
-0.03782749475810094630
-0.02808215782422672502
-0.02256465094283439596
0.00901323087001835999
-0.05176470398519407434
0.04681913351957646408
0.04756640565933957510
0.01661771657719170181
0.00346693778571996111
0.00857746666696736215
0.00955038140972628430
0.00030722087263465765
