208.00 0.00000000000000000000
208.00 0.00000000000000000000
208.00 0.00000000000000000000
208.00 0.00000000000000000000
208.00 0.00000000000000000000
208.01 0.00000000000000000000
208.01 0.00000000000000000000
208.01 0.00000000000000000000
208.01 0.00000000000000000000
208.01 0.00000000000000000000
208.01 0.00000000000000000000
208.01 0.00000000000000000000
208.01 0.00000000000000000000
208.01 0.00000000000000000000
208.01 0.00000000000000000000
208.02 0.00000000000000000000
208.02 0.00000000000000000000
208.02 0.00000000000000000000
208.02 0.00000000000000000000
208.02 0.00000000000000000000
208.02 0.00000000000000000000
208.02 0.00000000000000000000
208.02 0.00000000000000000000
208.02 0.00000000000000000000
208.03 0.00000000000000000000
208.03 0.00000000000000000000
208.03 0.00000000000000000000
208.03 0.00000000000000000000
208.03 0.00000000000000000000
208.03 0.00000000000000000000
208.03 0.00000000000000000000
208.03 0.00000000000000000000
208.03 0.00000000000000000000
208.03 0.00000000000000000000
208.03 0.00000000000000000000
208.04 0.00000000000000000000
208.04 0.00000000000000000000
208.04 0.00000000000000000000
208.04 0.00000000000000000000
208.04 0.00000000000000000000
208.04 0.00000000000000000000
208.04 0.00000000000000000000
208.04 0.00000000000000000000
208.04 0.00000000000000000000
208.04 0.00000000000000000000
208.05 0.00000000000000000000
208.05 0.00000000000000000000
208.05 0.00000000000000000000
208.05 0.00000000000000000000
208.05 0.00000000000000000000
208.05 0.00000000000000000000
208.05 0.00000000000000000000
208.05 0.00000000000000000000
208.05 0.00000000000000000000
208.06 0.00000000000000000000
208.06 0.00000000000000000000
208.06 0.00000000000000000000
208.06 0.00000000000000000000
208.06 0.00000000000000000000
208.06 0.00000000000000000000
208.06 0.00000000000000000000
208.06 0.00000000000000000000
208.06 0.00000000000000000000
208.06 0.00000000000000000000
208.06 0.00000000000000000000
208.07 0.00000000000000000000
208.07 0.00000000000000000000
208.07 0.00000000000000000000
208.07 0.00000000000000000000
208.07 0.00000000000000000000
208.07 0.00000000000000000000
208.07 0.00000000000000000000
208.07 0.00000000000000000000
208.07 0.00000000000000000000
208.07 0.00000000000000000000
208.08 0.00000000000000000000
208.08 0.00000000000000000000
208.08 0.00000000000000000000
208.08 0.00000000000000000000
208.08 0.00000000000000000000
208.08 0.00000000000000000000
208.08 0.00000000000000000000
208.08 0.00000000000000000000
208.08 0.00000000000000000000
208.09 0.00000000000000000000
208.09 0.00000000000000000000
208.09 0.00000000000000000000
208.09 0.00000000000000000000
208.09 0.00000000000000000000
208.09 0.00000000000000000000
208.09 0.00000000000000000000
208.09 0.00000000000000000000
208.09 0.00000000000000000000
208.09 0.00000000000000000000
208.09 0.00000000000000000000
208.10 0.00000000000000000000
208.10 0.00000000000000000000
208.10 0.00000000000000000000
208.10 0.00000000000000000000
208.10 0.00000000000000000000
208.10 0.00000000000000000000
208.10 0.00000000000000000000
208.10 0.00000000000000000000
208.10 0.00000000000000000000
208.10 0.00000000000000000000
208.11 0.00000000000000000000
208.11 0.00000000000000000000
208.11 0.00000000000000000000
208.11 0.00000000000000000000
208.11 0.00000000000000000000
208.11 0.00000000000000000000
208.11 0.00000000000000000000
208.11 0.00000000000000000000
208.11 0.00000000000000000000
208.12 0.00000000000000000000
208.12 0.00000000000000000000
208.12 0.00000000000000000000
208.12 0.00000000000000000000
208.12 0.00000000000000000000
208.12 0.00000000000000000000
208.12 0.00000000000000000000
208.12 0.00000000000000000000
208.12 0.00000000000000000000
208.12 0.00000000000000000000
208.12 0.00000000000000000000
208.13 0.00000000000000000000
208.13 0.00000000000000000000
208.13 0.00000000000000000000
208.13 0.00000000000000000000
208.13 0.00000000000000000000
208.13 0.00000000000000000000
208.13 0.00000000000000000000
208.13 0.00000000000000000000
208.13 0.00000000000000000000
208.13 0.00000000000000000000
208.14 0.00000000000000000000
208.14 0.00000000000000000000
208.14 0.00000000000000000000
208.14 0.00000000000000000000
208.14 0.00000000000000000000
208.14 0.00000000000000000000
208.14 0.00000000000000000000
208.14 0.00000000000000000000
208.14 0.00000000000000000000
208.15 0.00000000000000000000
208.15 0.00000000000000000000
208.15 0.00000000000000000000
208.15 0.00000000000000000000
208.15 0.00000000000000000000
208.15 0.00000000000000000000
208.15 0.00000000000000000000
208.15 0.00000000000000000000
208.15 0.00000000000000000000
208.15 0.00000000000000000000
208.16 0.00000000000000000000
208.16 0.00000000000000000000
208.16 0.00000000000000000000
208.16 0.00000000000000000000
208.16 0.00000000000000000000
208.16 0.00000000000000000000
208.16 0.00000000000000000000
208.16 0.00000000000000000000
208.16 0.00000000000000000000
208.16 0.00000000000000000000
208.16 0.00000000000000000000
208.17 0.00000000000000000000
208.17 0.00000000000000000000
208.17 0.00000000000000000000
208.17 0.00000000000000000000
208.17 0.00000000000000000000
208.17 0.00000000000000000000
208.17 0.00000000000000000000
208.17 0.00000000000000000000
208.17 0.00000000000000000000
208.18 0.00000000000000000000
208.18 0.00000000000000000000
208.18 0.00000000000000000000
208.18 0.00000000000000000000
208.18 0.00000000000000000000
208.18 0.00000000000000000000
208.18 0.00000000000000000000
208.18 0.00000000000000000000
208.18 0.00000000000000000000
208.18 0.00000000000000000000
208.19 0.00000000000000000000
208.19 0.00000000000000000000
208.19 0.00000000000000000000
208.19 0.00000000000000000000
208.19 0.00000000000000000000
208.19 0.00000000000000000000
208.19 0.00000000000000000000
208.19 0.00000000000000000000
208.19 0.00000000000000000000
208.19 0.00000000000000000000
208.19 0.00000000000000000000
208.20 0.00000000000000000000
208.20 0.00000000000000000000
208.20 0.00000000000000000000
208.20 0.00000000000000000000
208.20 0.00000000000000000000
208.20 0.00000000000000000000
208.20 0.00000000000000000000
208.20 0.00000000000000000000
208.20 0.00000000000000000000
208.21 0.00000000000000000000
208.21 0.00000000000000000000
208.21 0.00000000000000000000
208.21 0.00000000000000000000
208.21 0.00000000000000000000
208.21 0.00000000000000000000
208.21 0.00000000000000000000
208.21 0.00000000000000000000
208.21 0.00000000000000000000
208.21 0.00000000000000000000
208.22 0.00000000000000000000
208.22 0.00000000000000000000
208.22 0.00000000000000000000
208.22 0.00000000000000000000
208.22 0.00000000000000000000
208.22 0.00000000000000000000
208.22 0.00000000000000000000
208.22 0.00000000000000000000
208.22 0.00000000000000000000
208.22 0.00000000000000000000
208.22 0.00000000000000000000
208.23 0.00000000000000000000
208.23 0.00000000000000000000
208.23 0.00000000000000000000
208.23 0.00000000000000000000
208.23 0.00000000000000000000
208.23 0.00000000000000000000
208.23 0.00000000000000000000
208.23 0.00000000000000000000
208.23 0.00000000000000000000
208.24 0.00000000000000000000
208.24 0.00000000000000000000
208.24 0.00000000000000000000
208.24 0.00000000000000000000
208.24 0.00000000000000000000
208.24 0.00000000000000000000
208.24 0.00000000000000000000
208.24 0.00000000000000000000
208.24 0.00000000000000000000
208.24 0.00000000000000000000
208.25 0.00000000000000000000
208.25 0.00000000000000000000
208.25 0.00000000000000000000
208.25 0.00000000000000000000
208.25 0.00000000000000000000
208.25 0.00000000000000000000
208.25 0.00000000000000000000
208.25 0.00000000000000000000
208.25 0.00000000000000000000
208.25 0.00000000000000000000
208.25 0.00000000000000000000
208.26 0.00000000000000000000
208.26 0.00000000000000000000
208.26 0.00000000000000000000
208.26 0.00000000000000000000
208.26 0.00000000000000000000
208.26 0.00000000000000000000
208.26 0.00000000000000000000
208.26 0.00000000000000000000
208.26 0.00000000000000000000
208.26 0.00000000000000000000
208.27 0.00000000000000000000
208.27 0.00000000000000000000
208.27 0.00000000000000000000
208.27 0.00000000000000000000
208.27 0.00000000000000000000
208.27 0.00000000000000000000
208.27 0.00000000000000000000
208.27 0.00000000000000000000
208.27 0.00000000000000000000
208.28 0.00000000000000000000
208.28 0.00000000000000000000
208.28 0.00000000000000000000
208.28 0.00000000000000000000
208.28 0.00000000000000000000
208.28 0.00000000000000000000
208.28 0.00000000000000000000
208.28 0.00000000000000000000
208.28 0.00000000000000000000
208.28 0.00000000000000000000
208.28 0.00000000000000000000
208.29 0.00000000000000000000
208.29 0.00000000000000000000
208.29 0.00000000000000000000
208.29 0.00000000000000000000
208.29 0.00000000000000000000
208.29 0.00000000000000000000
208.29 0.00000000000000000000
208.29 0.00000000000000000000
208.29 0.00000000000000000000
208.29 0.00000000000000000000
208.30 0.00000000000000000000
208.30 0.00000000000000000000
208.30 0.00000000000000000000
208.30 0.00000000000000000000
208.30 0.00000000000000000000
208.30 0.00000000000000000000
208.30 0.00000000000000000000
208.30 0.00000000000000000000
208.30 0.00000000000000000000
208.31 0.00000000000000000000
208.31 0.00000000000000000000
208.31 0.00000000000000000000
208.31 0.00000000000000000000
208.31 0.00000000000000000000
208.31 0.00000000000000000000
208.31 0.00000000000000000000
208.31 0.00000000000000000000
208.31 0.00000000000000000000
208.31 0.00000000000000000000
208.31 0.00000000000000000000
208.32 0.00000000000000000000
208.32 0.00000000000000000000
208.32 0.00000000000000000000
208.32 0.00000000000000000000
208.32 0.00000000000000000000
208.32 0.00000000000000000000
208.32 0.00000000000000000000
208.32 0.00000000000000000000
208.32 0.00000000000000000000
208.32 0.00000000000000000000
208.33 0.00000000000000000000
208.33 0.00000000000000000000
208.33 0.00000000000000000000
208.33 0.00000000000000000000
208.33 0.00000000000000000000
208.33 0.00000000000000000000
208.33 0.00000000000000000000
208.33 0.00000000000000000000
208.33 0.00000000000000000000
208.34 0.00000000000000000000
208.34 0.00000000000000000000
208.34 0.00000000000000000000
208.34 0.00000000000000000000
208.34 0.00000000000000000000
208.34 0.00000000000000000000
208.34 0.00000000000000000000
208.34 0.00000000000000000000
208.34 0.00000000000000000000
208.34 0.00000000000000000000
208.34 0.00000000000000000000
208.35 0.00000000000000000000
208.35 0.00000000000000000000
208.35 0.00000000000000000000
208.35 0.00000000000000000000
208.35 0.00000000000000000000
208.35 0.00000000000000000000
208.35 0.00000000000000000000
208.35 0.00000000000000000000
208.35 0.00000000000000000000
208.35 0.00000000000000000000
208.36 0.00000000000000000000
208.36 0.00000000000000000000
208.36 0.00000000000000000000
208.36 0.00000000000000000000
208.36 0.00000000000000000000
208.36 0.00000000000000000000
208.36 0.00000000000000000000
208.36 0.00000000000000000000
208.36 0.00000000000000000000
208.37 0.00000000000000000000
208.37 0.00000000000000000000
208.37 0.00000000000000000000
208.37 0.00000000000000000000
208.37 0.00000000000000000000
208.37 0.00000000000000000000
208.37 0.00000000000000000000
208.37 0.00000000000000000000
208.37 0.00000000000000000000
208.37 0.00000000000000000000
208.38 0.00000000000000000000
208.38 0.00000000000000000000
208.38 0.00000000000000000000
208.38 0.00000000000000000000
208.38 0.00000000000000000000
208.38 0.00000000000000000000
208.38 0.00000000000000000000
208.38 0.00000000000000000000
208.38 0.00000000000000000000
208.38 0.00000000000000000000
208.38 0.00000000000000000000
208.39 0.00000000000000000000
208.39 0.00000000000000000000
208.39 0.00000000000000000000
208.39 0.00000000000000000000
208.39 0.00000000000000000000
208.39 0.00000000000000000000
208.39 0.00000000000000000000
208.39 0.00000000000000000000
208.39 0.00000000000000000000
208.40 0.00000000000000000000
208.40 0.00000000000000000000
208.40 0.00000000000000000000
208.40 0.00000000000000000000
208.40 0.00000000000000000000
208.40 0.00000000000000000000
208.40 0.00000000000000000000
208.40 0.00000000000000000000
208.40 0.00000000000000000000
208.40 0.00000000000000000000
208.41 0.00000000000000000000
208.41 0.00000000000000000000
208.41 0.00000000000000000000
208.41 0.00000000000000000000
208.41 0.00000000000000000000
208.41 0.00000000000000000000
208.41 0.00000000000000000000
208.41 0.00000000000000000000
208.41 0.00000000000000000000
208.41 0.00000000000000000000
208.41 0.00000000000000000000
208.42 0.00000000000000000000
208.42 0.00000000000000000000
208.42 0.00000000000000000000
208.42 0.00000000000000000000
208.42 0.00000000000000000000
208.42 0.00000000000000000000
208.42 0.00000000000000000000
208.42 0.00000000000000000000
208.42 0.00000000000000000000
208.43 0.00000000000000000000
208.43 0.00000000000000000000
208.43 0.00000000000000000000
208.43 0.00000000000000000000
208.43 0.00000000000000000000
208.43 0.00000000000000000000
208.43 0.00000000000000000000
208.43 0.00000000000000000000
208.43 0.00000000000000000000
208.43 0.00000000000000000000
208.44 0.00000000000000000000
208.44 0.00000000000000000000
208.44 0.00000000000000000000
208.44 0.00000000000000000000
208.44 0.00000000000000000000
208.44 0.00000000000000000000
208.44 0.00000000000000000000
208.44 0.00000000000000000000
208.44 0.00000000000000000000
208.44 0.00000000000000000000
208.44 0.00000000000000000000
208.45 0.00000000000000000000
208.45 0.00000000000000000000
208.45 0.00000000000000000000
208.45 0.00000000000000000000
208.45 0.00000000000000000000
208.45 0.00000000000000000000
208.45 0.00000000000000000000
208.45 0.00000000000000000000
208.45 0.00000000000000000000
208.46 0.00000000000000000000
208.46 0.00000000000000000000
208.46 0.00000000000000000000
208.46 0.00000000000000000000
208.46 0.00000000000000000000
208.46 0.00000000000000000000
208.46 0.00000000000000000000
208.46 0.00000000000000000000
208.46 0.00000000000000000000
208.46 0.00000000000000000000
208.47 0.00000000000000000000
208.47 0.00000000000000000000
208.47 0.00000000000000000000
208.47 0.00000000000000000000
208.47 0.00000000000000000000
208.47 0.00000000000000000000
208.47 0.00000000000000000000
208.47 0.00000000000000000000
208.47 0.00000000000000000000
208.47 0.00000000000000000000
208.47 0.00000000000000000000
208.48 0.00000000000000000000
208.48 0.00000000000000000000
208.48 0.00000000000000000000
208.48 0.00000000000000000000
208.48 0.00000000000000000000
208.48 0.00000000000000000000
208.48 0.00000000000000000000
208.48 0.00000000000000000000
208.48 0.00000000000000000000
208.49 0.00000000000000000000
208.49 0.00000000000000000000
208.49 0.00000000000000000000
208.49 0.00000000000000000000
208.49 0.00000000000000000000
208.49 0.00000000000000000000
208.49 0.00000000000000000000
208.49 0.00000000000000000000
208.49 0.00000000000000000000
208.49 0.00000000000000000000
208.50 0.00000000000000000000
208.50 0.00000000000000000000
208.50 0.00000000000000000000
208.50 0.00000000000000000000
208.50 0.00000000000000000000
208.50 0.00000000000000000000
208.50 0.00000000000000000000
208.50 0.00000000000000000000
208.50 0.00000000000000000000
208.50 0.00000000000000000000
208.50 0.00000000000000000000
208.51 0.00000000000000000000
208.51 0.00000000000000000000
208.51 0.00000000000000000000
208.51 0.00000000000000000000
208.51 0.00000000000000000000
208.51 0.00000000000000000000
208.51 0.00000000000000000000
208.51 0.00000000000000000000
208.51 0.00000000000000000000
208.51 0.00000000000000000000
208.52 0.00000000000000000000
208.52 0.00000000000000000000
208.52 0.00000000000000000000
208.52 0.00000000000000000000
208.52 0.00000000000000000000
208.52 0.00000000000000000000
208.52 0.00000000000000000000
208.52 0.00000000000000000000
208.52 0.00000000000000000000
208.53 0.00000000000000000000
208.53 0.00000000000000000000
208.53 0.00000000000000000000
208.53 0.00000000000000000000
208.53 0.00000000000000000000
208.53 0.00000000000000000000
208.53 0.00000000000000000000
208.53 0.00000000000000000000
208.53 0.00000000000000000000
208.53 0.00000000000000000000
208.53 0.00000000000000000000
208.54 0.00000000000000000000
208.54 0.00000000000000000000
208.54 0.00000000000000000000
208.54 0.00000000000000000000
208.54 0.00000000000000000000
208.54 0.00000000000000000000
208.54 0.00000000000000000000
208.54 0.00000000000000000000
208.54 0.00000000000000000000
208.54 0.00000000000000000000
208.55 0.00000000000000000000
208.55 0.00000000000000000000
208.55 0.00000000000000000000
208.55 0.00000000000000000000
208.55 0.00000000000000000000
208.55 0.00000000000000000000
208.55 0.00000000000000000000
208.55 0.00000000000000000000
208.55 0.00000000000000000000
208.56 0.00000000000000000000
208.56 0.00000000000000000000
208.56 0.00000000000000000000
208.56 0.00000000000000000000
208.56 0.00000000000000000000
208.56 0.00000000000000000000
208.56 0.00000000000000000000
208.56 0.00000000000000000000
208.56 0.00000000000000000000
208.56 0.00000000000000000000
208.56 0.00000000000000000000
208.57 0.00000000000000000000
208.57 0.00000000000000000000
208.57 0.00000000000000000000
208.57 0.00000000000000000000
208.57 0.00000000000000000000
208.57 0.00000000000000000000
208.57 0.00000000000000000000
208.57 0.00000000000000000000
208.57 0.00000000000000000000
208.57 0.00000000000000000000
208.58 0.00000000000000000000
208.58 0.00000000000000000000
208.58 0.00000000000000000000
208.58 0.00000000000000000000
208.58 0.00000000000000000000
208.58 0.00000000000000000000
208.58 0.00000000000000000000
208.58 0.00000000000000000000
208.58 0.00000000000000000000
208.59 0.00000000000000000000
208.59 0.00000000000000000000
208.59 0.00000000000000000000
208.59 0.00000000000000000000
208.59 0.00000000000000000000
208.59 0.00000000000000000000
208.59 0.00000000000000000000
208.59 0.00000000000000000000
208.59 0.00000000000000000000
208.59 0.00000000000000000000
208.59 0.00000000000000000000
208.60 0.00000000000000000000
208.60 0.00000000000000000000
208.60 0.00000000000000000000
208.60 0.00000000000000000000
208.60 0.00000000000000000000
208.60 0.00000000000000000000
208.60 0.00000000000000000000
208.60 0.00000000000000000000
208.60 0.00000000000000000000
208.60 0.00000000000000000000
208.61 0.00000000000000000000
208.61 0.00000000000000000000
208.61 0.00000000000000000000
208.61 0.00000000000000000000
208.61 0.00000000000000000000
208.61 0.00000000000000000000
208.61 0.00000000000000000000
208.61 0.00000000000000000000
208.61 0.00000000000000000000
208.62 0.00000000000000000000
208.62 0.00000000000000000000
208.62 0.00000000000000000000
208.62 0.00000000000000000000
208.62 0.00000000000000000000
208.62 0.00000000000000000000
208.62 0.00000000000000000000
208.62 0.00000000000000000000
208.62 0.00000000000000000000
208.62 0.00000000000000000000
208.62 0.00000000000000000000
208.63 0.00000000000000000000
208.63 0.00000000000000000000
208.63 0.00000000000000000000
208.63 0.00000000000000000000
208.63 0.00000000000000000000
208.63 0.00000000000000000000
208.63 0.00000000000000000000
208.63 0.00000000000000000000
208.63 0.00000000000000000000
208.63 0.00000000000000000000
208.64 0.00000000000000000000
208.64 0.00000000000000000000
208.64 0.00000000000000000000
208.64 0.00000000000000000000
208.64 0.00000000000000000000
208.64 0.00000000000000000000
208.64 0.00000000000000000000
208.64 0.00000000000000000000
208.64 0.00000000000000000000
208.65 0.00000000000000000000
208.65 0.00000000000000000000
208.65 0.00000000000000000000
208.65 0.00000000000000000000
208.65 0.00000000000000000000
208.65 0.00000000000000000000
208.65 0.00000000000000000000
208.65 0.00000000000000000000
208.65 0.00000000000000000000
208.65 0.00000000000000000000
208.66 0.00000000000000000000
208.66 0.00000000000000000000
208.66 0.00000000000000000000
208.66 0.00000000000000000000
208.66 0.00000000000000000000
208.66 0.00000000000000000000
208.66 0.00000000000000000000
208.66 0.00000000000000000000
208.66 0.00000000000000000000
208.66 0.00000000000000000000
208.66 0.00000000000000000000
208.67 0.00000000000000000000
208.67 0.00000000000000000000
208.67 0.00000000000000000000
208.67 0.00000000000000000000
208.67 0.00000000000000000000
208.67 0.00000000000000000000
208.67 0.00000000000000000000
208.67 0.00000000000000000000
208.67 0.00000000000000000000
208.68 0.00000000000000000000
208.68 0.00000000000000000000
208.68 0.00000000000000000000
208.68 0.00000000000000000000
208.68 0.00000000000000000000
208.68 0.00000000000000000000
208.68 0.00000000000000000000
208.68 0.00000000000000000000
208.68 0.00000000000000000000
208.68 0.00000000000000000000
208.69 0.00000000000000000000
208.69 0.00000000000000000000
208.69 0.00000000000000000000
208.69 0.00000000000000000000
208.69 0.00000000000000000000
208.69 0.00000000000000000000
208.69 0.00000000000000000000
208.69 0.00000000000000000000
208.69 0.00000000000000000000
208.69 0.00000000000000000000
208.69 0.00000000000000000000
208.70 0.00000000000000000000
208.70 0.00000000000000000000
208.70 0.00000000000000000000
208.70 0.00000000000000000000
208.70 0.00000000000000000000
208.70 0.00000000000000000000
208.70 0.00000000000000000000
208.70 0.00000000000000000000
208.70 0.00000000000000000000
208.71 0.00000000000000000000
208.71 0.00000000000000000000
208.71 0.00000000000000000000
208.71 0.00000000000000000000
208.71 0.00000000000000000000
208.71 0.00000000000000000000
208.71 0.00000000000000000000
208.71 0.00000000000000000000
208.71 0.00000000000000000000
208.71 0.00000000000000000000
208.72 0.00000000000000000000
208.72 0.00000000000000000000
208.72 0.00000000000000000000
208.72 0.00000000000000000000
208.72 0.00000000000000000000
208.72 0.00000000000000000000
208.72 0.00000000000000000000
208.72 0.00000000000000000000
208.72 0.00000000000000000000
208.72 0.00000000000000000000
208.72 0.00000000000000000000
208.73 0.00000000000000000000
208.73 0.00000000000000000000
208.73 0.00000000000000000000
208.73 0.00000000000000000000
208.73 0.00000000000000000000
208.73 0.00000000000000000000
208.73 0.00000000000000000000
208.73 0.00000000000000000000
208.73 0.00000000000000000000
208.74 0.00000000000000000000
208.74 0.00000000000000000000
208.74 0.00000000000000000000
208.74 0.00000000000000000000
208.74 0.00000000000000000000
208.74 0.00000000000000000000
208.74 0.00000000000000000000
208.74 0.00000000000000000000
208.74 0.00000000000000000000
208.74 0.00000000000000000000
208.75 0.00000000000000000000
208.75 0.00000000000000000000
208.75 0.00000000000000000000
208.75 0.00000000000000000000
208.75 0.00000000000000000000
208.75 0.00000000000000000000
208.75 0.00000000000000000000
208.75 0.00000000000000000000
208.75 0.00000000000000000000
208.75 0.00000000000000000000
208.75 0.00000000000000000000
208.76 0.00000000000000000000
208.76 0.00000000000000000000
208.76 0.00000000000000000000
208.76 0.00000000000000000000
208.76 0.00000000000000000000
208.76 0.00000000000000000000
208.76 0.00000000000000000000
208.76 0.00000000000000000000
208.76 0.00000000000000000000
208.76 0.00000000000000000000
208.77 0.00000000000000000000
208.77 0.00000000000000000000
208.77 0.00000000000000000000
208.77 0.00000000000000000000
208.77 0.00000000000000000000
208.77 0.00000000000000000000
208.77 0.00000000000000000000
208.77 0.00000000000000000000
208.77 0.00000000000000000000
208.78 0.00000000000000000000
208.78 0.00000000000000000000
208.78 0.00000000000000000000
208.78 0.00000000000000000000
208.78 0.00000000000000000000
208.78 0.00000000000000000000
208.78 0.00000000000000000000
208.78 0.00000000000000000000
208.78 0.00000000000000000000
208.78 0.00000000000000000000
208.78 0.00000000000000000000
208.79 0.00000000000000000000
208.79 0.00000000000000000000
208.79 0.00000000000000000000
208.79 0.00000000000000000000
208.79 0.00000000000000000000
208.79 0.00000000000000000000
208.79 0.00000000000000000000
208.79 0.00000000000000000000
208.79 0.00000000000000000000
208.79 0.00000000000000000000
208.80 0.00000000000000000000
208.80 0.00000000000000000000
208.80 0.00000000000000000000
208.80 0.00000000000000000000
208.80 0.00000000000000000000
208.80 0.00000000000000000000
208.80 0.00000000000000000000
208.80 0.00000000000000000000
208.80 0.00000000000000000000
208.81 0.00000000000000000000
208.81 0.00000000000000000000
208.81 0.00000000000000000000
208.81 0.00000000000000000000
208.81 0.00000000000000000000
208.81 0.00000000000000000000
208.81 0.00000000000000000000
208.81 0.00000000000000000000
208.81 0.00000000000000000000
208.81 0.00000000000000000000
208.81 0.00000000000000000000
208.82 0.00000000000000000000
208.82 0.00000000000000000000
208.82 0.00000000000000000000
208.82 0.00000000000000000000
208.82 0.00000000000000000000
208.82 0.00000000000000000000
208.82 0.00000000000000000000
208.82 0.00000000000000000000
208.82 0.00000000000000000000
208.82 0.00000000000000000000
208.83 0.00000000000000000000
208.83 0.00000000000000000000
208.83 0.00000000000000000000
208.83 0.00000000000000000000
208.83 0.00000000000000000000
208.83 0.00000000000000000000
208.83 0.00000000000000000000
208.83 0.00000000000000000000
208.83 0.00000000000000000000
208.84 0.00000000000000000000
208.84 0.00000000000000000000
208.84 0.00000000000000000000
208.84 0.00000000000000000000
208.84 0.00000000000000000000
208.84 0.00000000000000000000
208.84 0.00000000000000000000
208.84 0.00000000000000000000
208.84 0.00000000000000000000
208.84 0.00000000000000000000
208.84 0.00000000000000000000
208.85 0.00000000000000000000
208.85 0.00000000000000000000
208.85 0.00000000000000000000
208.85 0.00000000000000000000
208.85 0.00000000000000000000
208.85 0.00000000000000000000
208.85 0.00000000000000000000
208.85 0.00000000000000000000
208.85 0.00000000000000000000
208.85 0.00000000000000000000
208.86 0.00000000000000000000
208.86 0.00000000000000000000
208.86 0.00000000000000000000
208.86 0.00000000000000000000
208.86 0.00000000000000000000
208.86 0.00000000000000000000
208.86 0.00000000000000000000
208.86 0.00000000000000000000
208.86 0.00000000000000000000
208.87 0.00000000000000000000
208.87 0.00000000000000000000
208.87 0.00000000000000000000
208.87 0.00000000000000000000
208.87 0.00000000000000000000
208.87 0.00000000000000000000
208.87 0.00000000000000000000
208.87 0.00000000000000000000
208.87 0.00000000000000000000
208.87 0.00000000000000000000
208.88 0.00000000000000000000
208.88 0.00000000000000000000
208.88 0.00000000000000000000
208.88 0.00000000000000000000
208.88 0.00000000000000000000
208.88 0.00000000000000000000
208.88 0.00000000000000000000
208.88 0.00000000000000000000
208.88 0.00000000000000000000
208.88 0.00000000000000000000
208.88 0.00000000000000000000
208.89 0.00000000000000000000
208.89 0.00000000000000000000
208.89 0.00000000000000000000
208.89 0.00000000000000000000
208.89 0.00000000000000000000
208.89 0.00000000000000000000
208.89 0.00000000000000000000
208.89 0.00000000000000000000
208.89 0.00000000000000000000
208.90 0.00000000000000000000
208.90 0.00000000000000000000
208.90 0.00000000000000000000
208.90 0.00000000000000000000
208.90 0.00000000000000000000
208.90 0.00000000000000000000
208.90 0.00000000000000000000
208.90 0.00000000000000000000
208.90 0.00000000000000000000
208.90 0.00000000000000000000
208.91 0.00000000000000000000
208.91 0.00000000000000000000
208.91 0.00000000000000000000
208.91 0.00000000000000000000
208.91 0.00000000000000000000
208.91 0.00000000000000000000
208.91 0.00000000000000000000
208.91 0.00000000000000000000
208.91 0.00000000000000000000
208.91 0.00000000000000000000
208.91 0.00000000000000000000
208.92 0.00000000000000000000
208.92 0.00000000000000000000
208.92 0.00000000000000000000
208.92 0.00000000000000000000
208.92 0.00000000000000000000
208.92 0.00000000000000000000
208.92 0.00000000000000000000
208.92 0.00000000000000000000
208.92 0.00000000000000000000
208.93 0.00000000000000000000
208.93 0.00000000000000000000
208.93 0.00000000000000000000
208.93 0.00000000000000000000
208.93 0.00000000000000000000
208.93 0.00000000000000000000
208.93 0.00000000000000000000
208.93 0.00000000000000000000
208.93 0.00000000000000000000
208.93 0.00000000000000000000
208.94 0.00000000000000000000
208.94 0.00000000000000000000
208.94 0.00000000000000000000
208.94 0.00000000000000000000
208.94 0.00000000000000000000
208.94 0.00000000000000000000
208.94 0.00000000000000000000
208.94 0.00000000000000000000
208.94 0.00000000000000000000
208.94 0.00000000000000000000
208.94 0.00000000000000000000
208.95 0.00000000000000000000
208.95 0.00000000000000000000
208.95 0.00000000000000000000
208.95 0.00000000000000000000
208.95 0.00000000000000000000
208.95 0.00000000000000000000
208.95 0.00000000000000000000
208.95 0.00000000000000000000
208.95 0.00000000000000000000
208.96 0.00000000000000000000
208.96 0.00000000000000000000
208.96 0.00000000000000000000
208.96 0.00000000000000000000
208.96 0.00000000000000000000
208.96 0.00000000000000000000
208.96 0.00000000000000000000
208.96 0.00000000000000000000
208.96 0.00000000000000000000
208.96 0.00000000000000000000
208.97 0.00000000000000000000
208.97 0.00000000000000000000
208.97 0.00000000000000000000
208.97 0.00000000000000000000
208.97 0.00000000000000000000
208.97 0.00000000000000000000
208.97 0.00000000000000000000
208.97 0.00000000000000000000
208.97 0.00000000000000000000
208.97 0.00000000000000000000
208.97 0.00000000000000000000
208.98 0.00000000000000000000
208.98 0.00000000000000000000
208.98 0.00000000000000000000
208.98 0.00000000000000000000
208.98 0.00000000000000000000
208.98 0.00000000000000000000
208.98 0.00000000000000000000
208.98 0.00000000000000000000
208.98 0.00000000000000000000
208.99 0.00000000000000000000
208.99 0.00000000000000000000
208.99 0.00000000000000000000
208.99 0.00000000000000000000
208.99 0.00000000000000000000
208.99 0.00000000000000000000
208.99 0.00000000000000000000
208.99 0.00000000000000000000
208.99 0.00000000000000000000
208.99 0.00000000000000000000
209.00 0.00000000000000000000
209.00 0.00000000000000000000
209.00 0.00000000000000000000
209.00 0.00000000000000000000
209.00 0.00000000000000000000
209.00 0.00000000000000000000
