0.10000 0.50000000000000000000
0.20000 0.48749999999999998890
0.30000 0.47591425781249996341
0.40000 0.46513506729929948724
0.50000 0.45507184077609280637
0.60000 0.44564774072056473342
0.70000 0.43679709152419704532
0.80000 0.42846336559601766458
0.90000 0.42059759846860095278
1.00000 0.41315712853868569177
1.10000 0.40610458540196930910
1.20000 0.39940707063779795627
1.30000 0.39303548908020147223
1.40000 0.38696399885582005718
1.50000 0.38116955596195828404
1.60000 0.37563153470153592961
1.70000 0.37033140943706793768
1.80000 0.36525248625647188661
1.90000 0.36037967552985716857
2.00000 0.35569929817120393700
2.10000 0.35119891984098927651
2.20000 0.34686720843657581348
2.30000 0.34269381109096069826
2.40000 0.33866924759247507559
2.50000 0.33478481768963003207
2.60000 0.33103252018756551545
2.70000 0.32740498209926449658
2.80000 0.32389539640392411846
2.90000 0.32049746720061494942
3.00000 0.31720536123843490195
3.10000 0.31401366496324645272
3.20000 0.31091734635244078211
3.30000 0.30791172091813995282
3.40000 0.30499242135016302324
3.50000 0.30215537034607820033
3.60000 0.29939675623951056416
3.70000 0.29671301109172260047
3.80000 0.29410079095695779161
3.90000 0.29155695807070036718
4.00000 0.28907856474284815418
4.10000 0.28666283876588444235
4.20000 0.28430717017217604914
4.30000 0.28200909919513472701
4.40000 0.27976630530681151354
4.50000 0.27757659721976241096
4.60000 0.27543790375438215179
4.70000 0.27334826548438312388
4.80000 0.27130582708311551388
4.90000 0.26930883030220587049
5.00000 0.26735560752155584918
5.10000 0.26544457581649377742
5.20000 0.26357423149370362569
5.30000 0.26174314505268264641
5.40000 0.25994995653408531355
5.50000 0.25819337122024671460
5.60000 0.25647215565677705662
5.70000 0.25478513396721608197
5.80000 0.25313118443553611625
5.90000 0.25150923633376137678
6.00000 0.24991826697415644998
6.10000 0.24835729896742300693
6.20000 0.24682539767005984288
6.30000 0.24532166880564498790
6.40000 0.24384525624619382556
6.50000 0.24239533994098191871
6.60000 0.24097113398139202722
6.70000 0.23957188479131732994
6.80000 0.23819686943361986775
6.90000 0.23684539402390700213
7.00000 0.23551679224369381771
7.10000 0.23421042394566074507
7.20000 0.23292567384432635857
7.30000 0.23166195028601263561
7.40000 0.23041868409249630090
7.50000 0.22919532747315815580
7.60000 0.22799135300090619949
7.70000 0.22680625264747114600
7.80000 0.22563953687405644000
7.90000 0.22449073377362427362
8.00000 0.22335938826137927138
8.10000 0.22224506131028312628
8.20000 0.22114732922865842912
8.30000 0.22006578297718140669
8.40000 0.21900002752271649498
8.50000 0.21794968122670899113
8.60000 0.21691437526594459229
8.70000 0.21589375308365033046
8.80000 0.21488746986911899661
8.90000 0.21389519206408680319
9.00000 0.21291659689425421198
9.10000 0.21195137192447002783
9.20000 0.21099921463615226025
9.30000 0.21005983202566971824
9.40000 0.20913294022241527004
9.50000 0.20821826412551827645
9.60000 0.20731553705805030874
9.70000 0.20642450043778634572
9.80000 0.20554490346356410480
9.90000 0.20467650281640215049
10.00000 0.20381906237452898645
10.10000 0.20297235294159407526
10.20000 0.20213615198733758671
10.30000 0.20131024340001277273
10.40000 0.20049441725001324044
10.50000 0.19968846956402044879
10.60000 0.19889220210920308118
10.70000 0.19810542218687313132
10.80000 0.19732794243517137733
10.90000 0.19655958064027059806
11.00000 0.19580015955571097863
11.10000 0.19504950672941079315
11.20000 0.19430745433800419852
11.30000 0.19357383902811833853
11.40000 0.19284850176427167923
11.50000 0.19213128768305065552
11.60000 0.19142204595325837402
11.70000 0.19072062964178096434
11.80000 0.19002689558483368271
11.90000 0.18934070426441496071
12.00000 0.18866191968964837744
12.10000 0.18799040928282736984
12.20000 0.18732604376993211570
12.30000 0.18666869707540389989
12.40000 0.18601824622100551765
12.50000 0.18537457122854808511
12.60000 0.18473755502635202941
12.70000 0.18410708335923312018
12.80000 0.18348304470187723481
12.90000 0.18286533017546244273
13.00000 0.18225383346736759305
13.10000 0.18164845075384486450
13.20000 0.18104908062551552939
13.30000 0.18045562401558615240
13.40000 0.17986798413066062974
13.50000 0.17928606638401758944
13.60000 0.17870977833128776080
13.70000 0.17813902960840211076
13.80000 0.17757373187171865414
13.90000 0.17701379874025549577
14.00000 0.17645914573992194097
14.10000 0.17590969024968741707
14.20000 0.17536535144957834942
14.30000 0.17482605027047046220
14.40000 0.17429170934556492689
14.50000 0.17376225296351344163
14.60000 0.17323760702310456172
14.70000 0.17271769898946201516
14.80000 0.17220245785168397656
14.90000 0.17169181408188496918
15.00000 0.17118569959557836113
15.10000 0.17068404771332623682
15.20000 0.17018679312365936340
15.30000 0.16969387184714868066
15.40000 0.16920522120166600621
15.50000 0.16872077976871094340
15.60000 0.16824048736082131139
15.70000 0.16776428499000750616
15.80000 0.16729211483714537256
15.90000 0.16682392022235784101
16.00000 0.16635964557627236360
16.10000 0.16589923641219189721
16.20000 0.16544263929908653576
16.30000 0.16498980183542275024
16.40000 0.16454067262378219150
16.50000 0.16409520124622897774
16.60000 0.16365333824041147781
16.70000 0.16321503507640491848
16.80000 0.16278024413418387684
16.90000 0.16234891868181125507
17.00000 0.16192101285422724755
17.10000 0.16149648163265831191
17.20000 0.16107528082463876129
17.30000 0.16065736704459243622
17.40000 0.16024269769497290206
17.50000 0.15983123094793993957
17.60000 0.15942292572755464852
17.70000 0.15901774169247920310
17.80000 0.15861563921914315078
17.90000 0.15821657938541802690
18.00000 0.15782052395469467476
18.10000 0.15742743536043879438
18.20000 0.15703727669115258303
18.30000 0.15665001167574696406
18.40000 0.15626560466932906679
18.50000 0.15588402063934214681
18.60000 0.15550522515209577734
18.70000 0.15512918435967468223
18.80000 0.15475586498716431549
18.90000 0.15438523432023296134
19.00000 0.15401726019304129434
19.10000 0.15365191097645214402
19.20000 0.15328915556658642694
19.30000 0.15292896337362835157
19.40000 0.15257130431095847212
19.50000 0.15221614878454939324
19.60000 0.15186346768263683793
19.70000 0.15151323236565791830
19.80000 0.15116541465643126840
19.90000 0.15081998683060604538
20.00000 0.15047692160733763811
20.10000 0.15013619214019716108
20.20000 0.14979777200832455897
20.30000 0.14946163520777103195
20.40000 0.14912775614307227645
20.50000 0.14879610961904596311
20.60000 0.14846667083275641441
20.70000 0.14813941536571254010
20.80000 0.14781431917620463379
20.90000 0.14749135859187656461
21.00000 0.14717051030246022791
21.10000 0.14685175135267405921
21.20000 0.14653505913529099591
21.30000 0.14622041138438759966
21.40000 0.14590778616873970042
21.50000 0.14559716188538010528
21.60000 0.14528851725329103295
21.70000 0.14498183130727668178
21.80000 0.14467708339194862432
21.90000 0.14437425315585050711
22.00000 0.14407332054575100466
22.10000 0.14377426580101879128
22.20000 0.14347706944817809060
22.30000 0.14318171229553974810
22.40000 0.14288817542798609717
22.50000 0.14259644020187392521
22.60000 0.14230648824002292696
22.70000 0.14201830142684823688
22.80000 0.14173186190358608161
22.90000 0.14144715206363153714
23.00000 0.14116415454796657492
23.10000 0.14088285224070512536
23.20000 0.14060322826473556357
23.30000 0.14032526597744932051
23.40000 0.14004894896654621061
23.50000 0.13977426104597853729
23.60000 0.13950118625193844157
23.70000 0.13922970883895055549
23.80000 0.13895981327604842170
23.90000 0.13869148424301677713
24.00000 0.13842470662674830062
24.10000 0.13815946551763053085
24.20000 0.13789574620605601907
24.30000 0.13763353417897450370
24.40000 0.13737281511652058019
24.50000 0.13711357488872710775
24.60000 0.13685579955229140725
24.70000 0.13659947534743033248
24.80000 0.13634458869475668541
24.90000 0.13609112619226607088
25.00000 0.13583907461237035297
25.10000 0.13558842089897901739
25.20000 0.13533915216465527975
25.30000 0.13509125568781452098
25.40000 0.13484471890999760735
25.50000 0.13459952943318656549
25.60000 0.13435567501717429750
25.70000 0.13411314357700185318
25.80000 0.13387192318041926664
25.90000 0.13363200204541203497
26.00000 0.13339336853779135139
26.10000 0.13315601116880756982
26.20000 0.13291991859281362953
26.30000 0.13268507960498901466
26.40000 0.13245148313909288484
26.50000 0.13221911826527601996
26.60000 0.13198797418791988201
26.70000 0.13175804024351733812
26.80000 0.13152930589860886701
26.90000 0.13130176074774649320
27.00000 0.13107539451150224119
27.10000 0.13085019703449976558
27.20000 0.13062615828351267777
27.30000 0.13040326834557219859
27.40000 0.13018151742611036581
27.50000 0.12996089584716749576
27.60000 0.12974139404559184574
27.70000 0.12952300257130511252
27.80000 0.12930571208558544472
27.90000 0.12908951335938209648
28.00000 0.12887439727167868120
28.10000 0.12866035480784288048
28.20000 0.12844737705806416606
28.30000 0.12823545521577681128
28.40000 0.12802458057613166909
28.50000 0.12781474453448113393
28.60000 0.12760593858490590358
28.70000 0.12739815431877130059
28.80000 0.12719138342328609181
28.90000 0.12698561768010183104
29.00000 0.12678084896395122594
29.10000 0.12657706924128500625
29.20000 0.12637427056894720567
29.30000 0.12617244509287384169
29.40000 0.12597158504680297519
29.50000 0.12577168275102462713
29.60000 0.12557273061113807811
29.70000 0.12537472111684536125
29.80000 0.12517764684075402548
29.90000 0.12498150043718662949
30.00000 0.12478627464105318534
30.10000 0.12459196226670059271
30.20000 0.12439855620681565529
30.30000 0.12420604943130465758
30.40000 0.12401443498623415662
30.50000 0.12382370599277570111
30.60000 0.12363385564615730905
30.70000 0.12344487721464646179
30.80000 0.12325676403853656760
30.90000 0.12306950952916673181
31.00000 0.12288310716794716149
31.10000 0.12269755050540065433
31.20000 0.12251283316023388326
31.30000 0.12232894881839923018
31.40000 0.12214589123218583255
31.50000 0.12196365421933959283
31.60000 0.12178223166217538864
31.70000 0.12160161750670667180
31.80000 0.12142180576180307272
31.90000 0.12124279049834790767
32.00000 0.12106456584842860413
32.10000 0.12088712600449909307
32.20000 0.12071046521861057699
32.30000 0.12053457780161343227
32.40000 0.12035945812239406960
32.50000 0.12018510060709093612
32.60000 0.12001149973839142504
32.70000 0.11983865005475813348
32.80000 0.11966654614972464798
32.90000 0.11949518267117507919
33.00000 0.11932455432064058287
33.10000 0.11915465585262040304
33.20000 0.11898548207390269305
33.30000 0.11881702784288535046
33.40000 0.11864928806891790469
33.50000 0.11848225771166469300
33.60000 0.11831593178046695414
33.70000 0.11815030533369885735
33.80000 0.11798537347817621146
33.90000 0.11782113136851003754
34.00000 0.11765757420653956411
34.10000 0.11749469724073648147
34.20000 0.11733249576561309568
34.30000 0.11717096512114989759
34.40000 0.11701010069224797305
34.50000 0.11684989790815231148
34.60000 0.11669035224192114697
34.70000 0.11653145920988718098
34.80000 0.11637321437111651512
34.90000 0.11621561332688605528
35.00000 0.11605865172017927611
35.10000 0.11590232523517908503
35.20000 0.11574662959675764695
35.30000 0.11559156056998931561
35.40000 0.11543711395966049782
35.50000 0.11528328560980237449
35.60000 0.11513007140321994404
35.70000 0.11497746726101755466
35.80000 0.11482546914214190881
35.90000 0.11467407304294703618
36.00000 0.11452327499672954048
36.10000 0.11437307107331190492
36.20000 0.11422345737859031234
36.30000 0.11407443005413055170
36.40000 0.11392598527673349074
36.50000 0.11377811925801688264
36.60000 0.11363082824403952786
36.70000 0.11348410851486895323
36.80000 0.11333795638419620622
36.90000 0.11319236819894600010
37.00000 0.11304734033888717837
37.10000 0.11290286921626406513
37.20000 0.11275895127542268082
37.30000 0.11261558299242711845
37.40000 0.11247276087471669292
37.50000 0.11233048146072731333
37.60000 0.11218874131955876294
37.70000 0.11204753705060604974
37.80000 0.11190686528324134130
37.90000 0.11176672267643968095
38.00000 0.11162710591847557762
38.10000 0.11148801172658324987
38.20000 0.11134943684663682617
38.30000 0.11121137805281973432
38.40000 0.11107383214731368637
38.50000 0.11093679595998179321
38.60000 0.11080026634807116359
38.70000 0.11066424019590948014
38.80000 0.11052871441459555246
38.90000 0.11039368594170419213
39.00000 0.11025915174100991978
39.10000 0.11012510880217951659
39.20000 0.10999155414050358626
39.30000 0.10985848479662170540
39.40000 0.10972589783621645998
39.50000 0.10959379034977610734
39.60000 0.10946215945230074185
39.70000 0.10933100228305724089
39.80000 0.10920031600529749027
39.90000 0.10907009780602004712
40.00000 0.10894034489569547064
40.10000 0.10881105450802965040
40.20000 0.10868222389971564368
40.30000 0.10855385035017860174
40.40000 0.10842593116133901476
40.50000 0.10829846365737401392
40.60000 0.10817144518447197044
40.70000 0.10804487311062949129
40.80000 0.10791874482539222380
40.90000 0.10779305773963328285
41.00000 0.10766780928534920581
41.10000 0.10754299691539487283
41.20000 0.10741861810333423743
41.30000 0.10729467034316124419
41.40000 0.10717115114911190954
41.50000 0.10704805805546434294
41.60000 0.10692538861631185887
41.70000 0.10680314040537326747
41.80000 0.10668131101579074460
41.90000 0.10655989805991585018
42.00000 0.10643889916913691629
42.10000 0.10631831199365049390
42.20000 0.10619813420229855250
42.30000 0.10607836348237381641
42.40000 0.10595899753942289445
42.50000 0.10584003409706117804
42.60000 0.10572147089679995169
42.70000 0.10560330569786575972
42.80000 0.10548553627700789359
42.90000 0.10536816042834627749
43.00000 0.10525117596316396762
43.10000 0.10513458070976432202
43.20000 0.10501837251329636247
43.30000 0.10490254923557289224
43.40000 0.10478710875492409926
43.50000 0.10467204896601960129
43.60000 0.10455736777970207896
43.70000 0.10444306312285629723
43.80000 0.10432913293822755618
43.90000 0.10421557518425632327
44.00000 0.10410238783495286141
44.10000 0.10398956887971660956
44.20000 0.10387711632321905419
44.30000 0.10376502818522681526
44.40000 0.10365330250045962091
44.50000 0.10354193731845946769
44.60000 0.10343093070342852802
44.70000 0.10332028073410164104
44.80000 0.10320998550361097645
44.90000 0.10310004311931970922
45.00000 0.10299045170271818594
45.10000 0.10288120938926530179
45.20000 0.10277231432826922086
45.30000 0.10266376468275534295
45.40000 0.10255555862932651257
45.50000 0.10244769435803417756
45.60000 0.10234017007226044182
45.70000 0.10223298398859660685
45.80000 0.10212613433669086305
45.90000 0.10201961935915777879
46.00000 0.10191343731143347184
46.10000 0.10180758646166930548
46.20000 0.10170206509061298361
46.30000 0.10159687149147716978
46.40000 0.10149200396984182915
46.50000 0.10138746084353013333
46.60000 0.10128324044247183355
46.70000 0.10117934110865101083
46.80000 0.10107576119593507380
46.90000 0.10097249906998810587
47.00000 0.10086955310817158349
47.10000 0.10076692169941865729
47.20000 0.10066460324414187866
47.30000 0.10056259615412820041
47.40000 0.10046089885242161233
47.50000 0.10035950977324341327
47.60000 0.10025842736185870685
47.70000 0.10015765007450359858
47.80000 0.10005717637828136224
47.90000 0.09995700475105522009
48.00000 0.09985713368135129553
48.10000 0.09975756166827186300
48.20000 0.09965828722140028517
48.30000 0.09955930886069362662
48.40000 0.09946062511641244608
48.50000 0.09936223452899727027
48.60000 0.09926413564900495035
48.70000 0.09916632703701422358
48.80000 0.09906880726352339239
48.90000 0.09897157490888040809
49.00000 0.09887462856318236792
49.10000 0.09877796682618505963
49.20000 0.09868158830724484132
49.30000 0.09858549162521194897
49.40000 0.09848967540833823697
49.50000 0.09839413829422181956
49.60000 0.09829887892970302909
49.70000 0.09820389597079735855
49.80000 0.09810918808261548385
49.90000 0.09801475393927105983
50.00000 0.09792059222382043515
50.10000 0.09782670162816760329
50.20000 0.09773308085300104475
50.30000 0.09763972860772250628
50.40000 0.09754664361034998121
50.50000 0.09745382458745695253
50.60000 0.09736127027410355905
50.70000 0.09726897941376398682
50.80000 0.09717695075824149542
50.90000 0.09708518306761504402
51.00000 0.09699367511015137555
51.10000 0.09690242566224864518
51.20000 0.09681143350837202732
51.30000 0.09672069744095918020
51.40000 0.09663021626038353906
51.50000 0.09653998877487013353
51.60000 0.09645001380042506067
51.70000 0.09636029016079655785
51.80000 0.09627081668738383946
51.90000 0.09618159221917754742
52.00000 0.09609261560271391278
52.10000 0.09600388569198126110
52.20000 0.09591540134838434650
52.30000 0.09582716144067833508
52.40000 0.09573916484489496115
52.50000 0.09565141044429970041
52.60000 0.09556389712931473435
52.70000 0.09547662379747302863
52.80000 0.09538958935335982436
52.90000 0.09530279270854180584
53.00000 0.09521623278153153180
53.10000 0.09512990849770040780
53.20000 0.09504381878924850202
53.30000 0.09495796259514477367
53.40000 0.09487233886106326286
53.50000 0.09478694653932867586
53.60000 0.09470178458887117123
53.70000 0.09461685197517281931
53.80000 0.09453214767020196030
53.90000 0.09444767065238224291
54.00000 0.09436341990651080092
54.10000 0.09427939442373257928
54.20000 0.09419559320148544745
54.30000 0.09411201524343675018
54.40000 0.09402865955945076404
54.50000 0.09394552516552645560
54.60000 0.09386261108374438500
54.70000 0.09377991634224398798
54.80000 0.09369743997515417311
54.90000 0.09361518102253739426
55.00000 0.09353313853036826497
55.10000 0.09345131155046570992
55.20000 0.09336969914045963048
55.30000 0.09328830036374523293
55.40000 0.09320711428942503318
55.50000 0.09312613999228112893
55.60000 0.09304537655271379049
55.70000 0.09296482305671038837
55.80000 0.09288447859580593879
55.90000 0.09280434226701893274
56.00000 0.09272441317282133222
56.10000 0.09264469042110053121
56.20000 0.09256517312511747253
56.30000 0.09248586040345241344
56.40000 0.09240675137998076438
56.50000 0.09232784518381552397
56.60000 0.09224914094927959274
56.70000 0.09217063781586994076
56.80000 0.09209233492819292322
56.90000 0.09201423143595442722
57.00000 0.09193632649390420797
57.10000 0.09185861926179332559
57.20000 0.09178110890436103064
57.30000 0.09170379459127192545
57.40000 0.09162667549708282400
57.50000 0.09154975080122228215
57.60000 0.09147301968792463656
57.70000 0.09139648134621874975
57.80000 0.09132013496988773682
57.90000 0.09124397975742072620
58.00000 0.09116801491199411078
58.10000 0.09109223964141992258
58.20000 0.09101665315812339230
58.30000 0.09094125467910868510
58.40000 0.09086604342592052852
58.50000 0.09079101862459804106
58.60000 0.09071617950566189525
58.70000 0.09064152530407697250
58.80000 0.09056705525920709376
58.90000 0.09049276861479894907
59.00000 0.09041866461893328932
59.10000 0.09034474252400521987
59.20000 0.09027100158669255914
59.30000 0.09019744106791201255
59.40000 0.09012406023280854217
59.50000 0.09005085835069988331
59.60000 0.08997783469505417353
59.70000 0.08990498854348011326
59.80000 0.08983231917767224572
59.90000 0.08975982588338533852
60.00000 0.08968750795041717516
60.10000 0.08961536467255869221
60.20000 0.08954339534759374331
60.30000 0.08947159927724974982
60.40000 0.08939997576716125771
60.50000 0.08932852412686598242
60.60000 0.08925724366975652802
60.70000 0.08918613371306487181
60.80000 0.08911519357783474760
60.90000 0.08904442258888227435
61.00000 0.08897382007478514543
61.10000 0.08890338536783960743
61.20000 0.08883311780404612445
61.30000 0.08876301672308693769
61.40000 0.08869308146827988015
61.50000 0.08862331138656460994
61.60000 0.08855370582848094696
61.70000 0.08848426414814349050
61.80000 0.08841498570320434347
61.90000 0.08834586985484410571
62.00000 0.08827691596773117044
62.10000 0.08820812341000910939
62.20000 0.08813949155327636953
62.30000 0.08807101977253800618
62.40000 0.08800270744620992958
62.50000 0.08793455395607903402
62.60000 0.08786655868727570595
62.70000 0.08779872102827451785
62.80000 0.08773104037084704376
62.90000 0.08766351611004298550
63.00000 0.08759614764418338639
63.10000 0.08752893437481008843
63.20000 0.08746187570668741140
63.30000 0.08739497104777592396
63.40000 0.08732821980919851235
63.50000 0.08726162140523452404
63.60000 0.08719517525328224217
63.70000 0.08712888077384933760
63.80000 0.08706273739053167759
63.90000 0.08699674452998817920
64.00000 0.08693090162190812709
64.10000 0.08686520809901017437
64.20000 0.08679966339701793154
64.30000 0.08673426695462753411
64.40000 0.08666901821349948243
64.50000 0.08660391661823846343
64.60000 0.08653896161636161211
64.70000 0.08647415265830259157
64.80000 0.08640948919734460498
64.90000 0.08634497068966019706
65.00000 0.08628059659426827455
65.10000 0.08621636637298364658
65.20000 0.08615227949045313471
65.30000 0.08608833541408571211
65.40000 0.08602453361407313981
65.50000 0.08596087356335974095
65.60000 0.08589735473760451434
65.70000 0.08583397661519427679
65.80000 0.08577073867719436917
65.90000 0.08570764040735419365
66.00000 0.08564468129208178959
66.10000 0.08558186082042612552
66.20000 0.08551917848406749567
66.30000 0.08545663377727691357
66.40000 0.08539422619692217664
66.50000 0.08533195524245101860
66.60000 0.08526982041585072503
66.70000 0.08520782122165480865
66.80000 0.08514595716691859828
66.90000 0.08508422776120279363
67.00000 0.08502263251656473619
67.10000 0.08496117094751907961
67.20000 0.08489984257105259724
67.30000 0.08483864690656961471
67.40000 0.08477758347592249943
67.50000 0.08471665180338040779
67.60000 0.08465585141556758453
67.70000 0.08459518184152485520
67.80000 0.08453464261263270163
67.90000 0.08447423326262687437
68.00000 0.08441395332758322434
68.10000 0.08435380234587967763
68.20000 0.08429377985821208397
68.30000 0.08423388540754879472
68.40000 0.08417411853913141229
68.50000 0.08411447880048315839
68.60000 0.08405496574134856125
68.70000 0.08399557891371740859
68.80000 0.08393631787178001957
68.90000 0.08387718217193607106
69.00000 0.08381817137277301766
69.10000 0.08375928503505218614
69.20000 0.08370052272170268315
69.30000 0.08364188399778486882
69.40000 0.08358336843049973819
69.50000 0.08352497558917541809
69.60000 0.08346670504523096001
69.70000 0.08340855637218609619
69.80000 0.08335052914564038129
69.90000 0.08329262294326018889
70.00000 0.08323483734477338247
70.10000 0.08317717193193373271
70.20000 0.08311962628853851454
70.30000 0.08306220000038554152
70.40000 0.08300489265528342153
70.50000 0.08294770384303901123
70.60000 0.08289063315541492227
70.70000 0.08283368018617009998
70.80000 0.08277684453099480588
70.90000 0.08272012578752872825
71.00000 0.08266352355534901941
71.10000 0.08260703743593585113
71.20000 0.08255066703269062223
71.30000 0.08249441195089422807
71.40000 0.08243827179771799629
71.50000 0.08238224618220466033
71.60000 0.08232633471525685476
71.70000 0.08227053700963322946
71.80000 0.08221485267991475443
71.90000 0.08215928134251594683
72.00000 0.08210382261567382434
72.10000 0.08204847611941433472
72.20000 0.08199324147556392994
72.30000 0.08193811830773119198
72.40000 0.08188310624129604975
72.50000 0.08182820490340650399
72.60000 0.08177341392294566746
72.70000 0.08171873293055099963
72.80000 0.08166416155856667802
72.90000 0.08160969944107773766
73.00000 0.08155534621388495220
73.10000 0.08150110151444996121
73.20000 0.08144696498195939938
73.30000 0.08139293625725542436
73.40000 0.08133901498285540932
73.50000 0.08128520080294189543
73.60000 0.08123149336333058967
73.70000 0.08117789231149005746
73.80000 0.08112439729650255948
73.90000 0.08107100796907648621
74.00000 0.08101772398152937149
74.10000 0.08096454498777840014
74.20000 0.08091147064333825689
74.30000 0.08085850060528973482
74.40000 0.08080563453229246129
74.50000 0.08075287208456832788
74.60000 0.08070021292389223388
74.70000 0.08064765671359035160
74.80000 0.08059520311850908170
74.90000 0.08054285180502805674
75.00000 0.08049060244105117612
75.10000 0.08043845469597583897
75.20000 0.08038640824071338620
75.30000 0.08033446274764376172
75.40000 0.08028261789065084530
75.50000 0.08023087334509908242
75.60000 0.08017922878778109552
75.70000 0.08012768389698239624
75.80000 0.08007623835241434174
75.90000 0.08002489183523510408
76.00000 0.07997364402804130190
76.10000 0.07992249461483059980
76.20000 0.07987144328104454905
76.30000 0.07982048971350938493
76.40000 0.07976963360045719043
76.50000 0.07971887463151774988
76.60000 0.07966821249768886448
76.70000 0.07961764689135747419
76.80000 0.07956717750626272900
76.90000 0.07951680403751003323
77.00000 0.07946652618155598813
77.10000 0.07941634363620075909
77.20000 0.07936625610058756219
77.30000 0.07931626327517347919
77.40000 0.07926636486175080154
77.50000 0.07921656056341068453
77.60000 0.07916685008455737194
77.70000 0.07911723313089358278
77.80000 0.07906770940941316994
77.90000 0.07901827862840112016
78.00000 0.07896894049740463273
78.10000 0.07891969472724759405
78.20000 0.07887054103002345828
78.30000 0.07882147911905937332
78.40000 0.07877250870896661261
78.50000 0.07872362951556187427
78.60000 0.07867484125590339106
78.70000 0.07862614364829829949
78.80000 0.07857753641225286023
78.90000 0.07852901926850147651
79.00000 0.07848059193897127805
79.10000 0.07843225414679695640
79.20000 0.07838400561631403418
79.30000 0.07833584607303084590
79.40000 0.07828777524364342877
79.50000 0.07823979285602179756
79.60000 0.07819189863920357475
79.70000 0.07814409232339450395
79.80000 0.07809637363994086090
79.90000 0.07804874232134441370
80.00000 0.07800119810124897524
80.10000 0.07795374071443414432
80.20000 0.07790636989681619384
80.30000 0.07785908538542062052
80.40000 0.07781188691840433547
80.50000 0.07776477423502124731
80.60000 0.07771774707563748608
80.70000 0.07767080518172532477
80.80000 0.07762394829582892897
80.90000 0.07757717616161498297
81.00000 0.07753048852379611222
81.10000 0.07748388512816746510
81.20000 0.07743736572161497023
81.30000 0.07739093005206718057
81.40000 0.07734457786852481920
81.50000 0.07729830892102691753
81.60000 0.07725212296065925299
81.70000 0.07720601973956976727
81.80000 0.07715999901092075730
81.90000 0.07711406052892552654
82.00000 0.07706820404877967601
82.10000 0.07702242932673988851
82.20000 0.07697673612007627231
82.30000 0.07693112418703894340
82.40000 0.07688559328690172667
82.50000 0.07684014317992181320
82.60000 0.07679477362734844770
82.70000 0.07674948439143862433
82.80000 0.07670427523540984671
82.90000 0.07665914592346996514
83.00000 0.07661409622078398096
83.10000 0.07656912589348990883
83.20000 0.07652423470868667532
83.30000 0.07647942243442901189
83.40000 0.07643468883972946715
83.50000 0.07639003369453242764
83.60000 0.07634545676973007733
83.70000 0.07630095783715046265
83.80000 0.07625653666955257981
83.90000 0.07621219304063545086
84.00000 0.07616792672499150818
84.10000 0.07612373749814352331
84.20000 0.07607962513652589964
84.30000 0.07603558941747995403
84.40000 0.07599163011925604005
84.50000 0.07594774702098815167
84.60000 0.07590393990270997981
84.70000 0.07586020854535029112
84.80000 0.07581655273070071754
84.90000 0.07577297224145947141
85.00000 0.07572946686117847104
85.10000 0.07568603637428643338
85.20000 0.07564268056608440538
85.30000 0.07559939922272063129
85.40000 0.07555619213120673416
85.50000 0.07551305907940646100
85.60000 0.07546999985603129735
85.70000 0.07542701425064983478
85.80000 0.07538410205364226568
85.90000 0.07534126305623728426
86.00000 0.07529849705049407316
86.10000 0.07525580382929807077
86.20000 0.07521318318636359412
86.30000 0.07517063491620909477
86.40000 0.07512815881417354846
86.50000 0.07508575467640549173
86.60000 0.07504342229985887236
86.70000 0.07500116148229581114
86.80000 0.07495897202226202427
86.90000 0.07491685371911009639
87.00000 0.07487480637296144159
87.10000 0.07483282978474313507
87.20000 0.07479092375616351596
87.30000 0.07474908808969464580
87.40000 0.07470732258860239561
87.50000 0.07466562705689498702
87.60000 0.07462400129934633475
87.70000 0.07458244512153293371
87.80000 0.07454095832974849678
87.90000 0.07449954073106133945
88.00000 0.07445819213327663222
88.10000 0.07441691234494628160
88.20000 0.07437570117538541692
88.30000 0.07433455843462816182
88.40000 0.07429348393345772128
88.50000 0.07425247748337567011
88.60000 0.07421153889661870340
88.70000 0.07417066798614808942
88.80000 0.07412986456564621407
88.90000 0.07408912844951973109
89.00000 0.07404845945287573394
89.10000 0.07400785739153846465
89.20000 0.07396732208203912751
89.30000 0.07392685334161233635
89.40000 0.07388645098820613433
89.50000 0.07384611484043818175
89.60000 0.07380584471763268484
89.70000 0.07376564043980356200
89.80000 0.07372550182765105764
89.90000 0.07368542870256505894
90.00000 0.07364542088660165631
90.10000 0.07360547820249997708
90.20000 0.07356560047367878552
90.30000 0.07352578752420650676
90.40000 0.07348603917884477532
90.50000 0.07344635526299835016
90.60000 0.07340673560273865139
90.70000 0.07336718002480059619
90.80000 0.07332768835655927020
90.90000 0.07328826042604690005
91.00000 0.07324889606194297242
91.10000 0.07320959509357113926
91.20000 0.07317035735090937631
91.30000 0.07313118266454697591
91.40000 0.07309207086572139245
91.50000 0.07305302178630192211
91.60000 0.07301403525878664980
91.70000 0.07297511111630598790
91.80000 0.07293624919259986128
91.90000 0.07289744932203458261
92.00000 0.07285871133959329060
92.10000 0.07282003508087293853
92.20000 0.07278142038208801345
92.30000 0.07274286708004772117
92.40000 0.07270437501217966170
92.50000 0.07266594401649377477
92.60000 0.07262757393161918540
92.70000 0.07258926459678156917
92.80000 0.07255101585178695689
92.90000 0.07251282753705205752
93.00000 0.07247469949355526964
93.10000 0.07243663156286027360
93.20000 0.07239862358715280777
93.30000 0.07236067540915876173
93.40000 0.07232278687220086710
93.50000 0.07228495782016293447
93.60000 0.07224718809750697857
93.70000 0.07220947754926389239
93.80000 0.07217182602103081046
93.90000 0.07213423335897499455
94.00000 0.07209669940981153213
94.10000 0.07205922402082035050
94.20000 0.07202180703983705745
94.30000 0.07198444831525040166
94.40000 0.07194714769600614457
94.50000 0.07190990503158489755
94.60000 0.07187272017201921936
94.70000 0.07183559296788448456
94.80000 0.07179852327029644099
94.90000 0.07176151093092171529
95.00000 0.07172455580193608238
95.10000 0.07168765773606121383
95.20000 0.07165081658655571284
95.30000 0.07161403220718655371
95.40000 0.07157730445227221405
95.50000 0.07154063317663468535
95.60000 0.07150401823562313464
95.70000 0.07146745948511144808
95.80000 0.07143095678147638738
95.90000 0.07139450998161468720
96.00000 0.07135811894293418722
96.10000 0.07132178352335154237
96.20000 0.07128550358129633058
96.30000 0.07124927897568926471
96.40000 0.07121310956595940100
96.50000 0.07117699521203528501
96.60000 0.07114093577434274507
96.70000 0.07110493111381553655
96.80000 0.07106898109185420809
96.90000 0.07103308557036276671
97.00000 0.07099724441173350942
97.10000 0.07096145747884470556
97.20000 0.07092572463506496838
97.30000 0.07089004574423157790
97.40000 0.07085442067066778649
97.50000 0.07081884927917410366
97.60000 0.07078333143502617275
97.70000 0.07074786700397907302
97.80000 0.07071245585224582297
97.90000 0.07067709784652108362
98.00000 0.07064179285394682484
98.10000 0.07060654074214885167
98.20000 0.07057134137921540484
98.30000 0.07053619463368220044
98.40000 0.07050110037456251699
98.50000 0.07046605847130020528
98.60000 0.07043106879379337770
98.70000 0.07039613121243075422
98.80000 0.07036124559801275324
98.90000 0.07032641182180714157
99.00000 0.07029162975551504766
99.10000 0.07025689927128818402
99.20000 0.07022222024172040944
99.30000 0.07018759253984585555
99.40000 0.07015301603914327055
99.50000 0.07011849061351498047
99.60000 0.07008401613730404212
99.70000 0.07004959248528606908
99.80000 0.07001521953266715004
99.90000 0.06998089715508844233
100.00000 0.06994662522860511933
