0.05000 0.50000000000000000000
0.10000 0.49374999999999996669
0.15000 0.48773145751953123073
0.20000 0.48193033140874713682
0.25000 0.47633375051070975248
0.30000 0.47092989077729036085
0.35000 0.46570786784505274758
0.40000 0.46065764281848564643
0.45000 0.45576993937911430832
0.50000 0.45103617064224515998
0.55000 0.44644837443201473848
0.60000 0.44199915585067856005
0.65000 0.43768163618808952897
0.70000 0.43348940735871538399
0.75000 0.42941649117161689864
0.80000 0.42545730283778121494
0.85000 0.42160661820246314591
0.90000 0.41785954426048504962
0.95000 0.41421149257198425220
1.00000 0.41065815524670368220
1.05000 0.40719548320805115660
1.10000 0.40381966648504291628
1.15000 0.40052711631186016517
1.20000 0.39731444884195599165
1.25000 0.39417847030708225153
1.30000 0.39111616347187722065
1.35000 0.38812467525221677755
1.40000 0.38520130538078856119
1.45000 0.38234349601661782314
1.50000 0.37954882220688263006
1.55000 0.37681498311947364543
1.60000 0.37413979397364532931
1.65000 0.37152117860390393433
1.70000 0.36895716259914279611
1.75000 0.36644586696507785994
1.80000 0.36398550226339554392
1.85000 0.36157436318573593637
1.90000 0.35921082352484340339
1.95000 0.35689333150892160740
2.00000 0.35462040546855932988
2.05000 0.35239062980851837414
2.10000 0.35020265125932964478
2.15000 0.34805517538597735561
2.20000 0.34594696333306390601
2.25000 0.34387682878772546369
2.30000 0.34184363514327414935
2.35000 0.33984629284804751537
2.40000 0.33788375692532407468
2.45000 0.33595502465139470694
2.50000 0.33405913337999426638
2.55000 0.33219515850229519582
2.60000 0.33036221153258543692
2.65000 0.32855943831056305671
2.70000 0.32678601731194395486
2.75000 0.32504115805973093911
2.80000 0.32332409962913716273
2.85000 0.32163410923968799304
2.90000 0.31997048092856278378
2.95000 0.31833253429967572901
3.00000 0.31671961334343812222
3.05000 0.31513108532252659399
3.10000 0.31356633971933101090
3.15000 0.31202478724107912678
3.20000 0.31050585887894471826
3.25000 0.30900900501769829054
3.30000 0.30753369459272533737
3.35000 0.30607941429145602008
3.40000 0.30464566779646767847
3.45000 0.30323197506770471765
3.50000 0.30183787166145698011
3.55000 0.30046290808388048665
3.60000 0.29910664917701318410
3.65000 0.29776867353536529137
3.70000 0.29644857295130550012
3.75000 0.29514595188757120070
3.80000 0.29386042697535258439
3.85000 0.29259162653648618235
3.90000 0.29133919012841935636
3.95000 0.29010276811064855673
4.00000 0.28888202123146261568
4.05000 0.28767662023386542103
4.10000 0.28648624547963807974
4.15000 0.28531058659055508198
4.20000 0.28414934210584691376
4.25000 0.28300221915503570580
4.30000 0.28186893314534061661
4.35000 0.28074920746288406503
4.40000 0.27964277318699742869
4.45000 0.27854936881693603823
4.50000 0.27746874001038429602
4.55000 0.27640063933314662492
4.60000 0.27534482601946430602
4.65000 0.27430106574242579809
4.70000 0.27326913039398220695
4.75000 0.27224879787408051701
4.80000 0.27123985188848825922
4.85000 0.27024208175486585937
4.90000 0.26925528221672251350
4.95000 0.26827925326484886037
5.00000 0.26731379996589377246
5.05000 0.26635873229774248427
5.10000 0.26541386499137914479
5.15000 0.26447901737893336760
5.20000 0.26355401324762811610
5.25000 0.26263868069936135985
5.30000 0.26173285201566359737
5.35000 0.26083636352778810652
5.40000 0.25994905549170971293
5.45000 0.25907077196781169715
5.50000 0.25820136070505167458
5.55000 0.25734067302941177058
5.60000 0.25648856373645673168
5.65000 0.25564489098780107668
5.70000 0.25480951621134134699
5.75000 0.25398230400507504356
5.80000 0.25316312204436625111
5.85000 0.25235184099250529410
5.90000 0.25154833441442869812
5.95000 0.25075247869346928287
6.00000 0.24996415295100793408
6.05000 0.24918323896890606783
6.10000 0.24840962111461872830
6.15000 0.24764318626885928332
6.20000 0.24688382375573159067
6.25000 0.24613142527522172132
6.30000 0.24538588483795634176
6.35000 0.24464709870213741105
6.40000 0.24391496531257536584
6.45000 0.24318938524172759030
6.50000 0.24247026113267369785
6.55000 0.24175749764394524610
6.60000 0.24105100139614679677
6.65000 0.24035068092029474029
6.70000 0.23965644660781137976
6.75000 0.23896821066210549578
6.80000 0.23828588705169431727
6.85000 0.23760939146479154171
6.90000 0.23693864126532315773
6.95000 0.23627355545030781503
7.00000 0.23561405460855766592
7.05000 0.23496006088064383399
7.10000 0.23431149792009900445
7.15000 0.23366829085578436076
7.20000 0.23303036625540787807
7.25000 0.23239765209013255043
7.30000 0.23177007770024796174
7.35000 0.23114757376185882110
7.40000 0.23053007225456381701
7.45000 0.22991750643008371235
7.50000 0.22930981078181023047
7.55000 0.22870692101523468209
7.60000 0.22810877401924586905
7.65000 0.22751530783824136517
7.70000 0.22692646164504923223
7.75000 0.22634217571461415219
7.80000 0.22576239139843690129
7.85000 0.22518705109972689260
7.90000 0.22461609824926273560
7.95000 0.22404947728191770828
8.00000 0.22348713361384489606
8.05000 0.22292901362028563761
8.10000 0.22237506461399861313
8.15000 0.22182523482426763639
8.20000 0.22127947337649575554
8.25000 0.22073773027233470345
8.30000 0.22019995637036651748
8.35000 0.21966610336729411324
8.40000 0.21913612377964011846
8.45000 0.21860997092592346358
8.50000 0.21808759890932338799
8.55000 0.21756896260077893124
8.60000 0.21705401762254852849
8.65000 0.21654272033218827098
8.70000 0.21603502780695360563
8.75000 0.21553089782859355394
8.80000 0.21503028886855021784
8.85000 0.21453316007352021821
8.90000 0.21403947125139913266
8.95000 0.21354918285757071295
9.00000 0.21306225598155129064
9.05000 0.21257865233396303073
9.10000 0.21209833423383575579
9.15000 0.21162126459622190855
9.20000 0.21114740692012864964
9.25000 0.21067672527672898219
9.30000 0.21020918429787985304
9.35000 0.20974474916491173127
9.40000 0.20928338559769910088
9.45000 0.20882505984397936594
9.50000 0.20836973866895300289
9.55000 0.20791738934510994863
9.60000 0.20746797964231922240
9.65000 0.20702147781813687311
9.70000 0.20657785260835906382
9.75000 0.20613707321778637627
9.80000 0.20569910931121548892
9.85000 0.20526393100463055652
9.90000 0.20483150885660852958
9.95000 0.20440181385992320373
10.00000 0.20397481743333620297
10.05000 0.20355049141358463882
10.10000 0.20312880804755203967
10.15000 0.20270973998460983800
10.20000 0.20229326026913982406
10.25000 0.20187934233322701871
10.30000 0.20146795998951608220
10.35000 0.20105908742421774171
10.40000 0.20065269919028974610
10.45000 0.20024877020075715350
10.50000 0.19984727572218538572
10.55000 0.19944819136828928485
10.60000 0.19905149309369765676
10.65000 0.19865715718784171528
10.70000 0.19826516026898285960
10.75000 0.19787547927836759976
10.80000 0.19748809147450954726
10.85000 0.19710297442759627806
10.90000 0.19672010601401679342
10.95000 0.19633946441100169622
11.00000 0.19596102809138260525
11.05000 0.19558477581845781779
11.10000 0.19521068664097399048
11.15000 0.19483873988820374357
11.20000 0.19446891516513623022
11.25000 0.19410119234775777275
11.30000 0.19373555157844546404
11.35000 0.19337197326143937270
11.40000 0.19301043805842335588
11.45000 0.19265092688418380962
11.50000 0.19229342090236736795
11.55000 0.19193790152132184090
11.60000 0.19158435039002330580
11.65000 0.19123274939407775008
11.70000 0.19088308065181480710
11.75000 0.19053532651045634871
11.80000 0.19018946954235951829
11.85000 0.18984549254133398222
11.90000 0.18950337851903872877
11.95000 0.18916311070144412043
12.00000 0.18882467252536724867
12.05000 0.18848804763507298610
12.10000 0.18815321987894748079
12.15000 0.18782017330622491347
12.20000 0.18748889216379396871
12.25000 0.18715936089305371115
12.30000 0.18683156412683743497
12.35000 0.18650548668638780581
12.40000 0.18618111357840039233
12.45000 0.18585842999211968363
12.50000 0.18553742129648742587
12.55000 0.18521807303734413863
12.60000 0.18490037093469510743
12.65000 0.18458430088001354097
12.70000 0.18426984893360273676
12.75000 0.18395700132200662469
12.80000 0.18364574443546888283
12.85000 0.18333606482543307603
12.90000 0.18302794920210271878
12.95000 0.18272138443203397862
13.00000 0.18241635753577820078
13.05000 0.18211285568556423442
13.10000 0.18181086620302891466
13.15000 0.18151037655698651352
13.20000 0.18121137436123588293
13.25000 0.18091384737240723268
13.30000 0.18061778348785947901
13.35000 0.18032317074359538456
13.40000 0.18002999731223234825
13.45000 0.17973825150099745351
13.50000 0.17944792174976728627
13.55000 0.17915899662913559176
13.60000 0.17887146483852012224
13.65000 0.17858531520429629658
13.70000 0.17830053667797415851
13.75000 0.17801711833439592958
13.80000 0.17773504936997561177
13.85000 0.17745431910096073902
13.90000 0.17717491696172996130
13.95000 0.17689683250311460938
14.00000 0.17662005539075964489
14.05000 0.17634457540349854354
14.10000 0.17607038243176842407
14.15000 0.17579746647604196919
14.20000 0.17552581764529948116
14.25000 0.17525542615551228942
14.30000 0.17498628232816204608
14.35000 0.17471837658877750754
14.40000 0.17445169946550551088
14.45000 0.17418624158769865917
14.50000 0.17392199368452695984
14.55000 0.17365894658361313851
14.60000 0.17339709120969745704
14.65000 0.17313641858331171863
14.70000 0.17287691981948727360
14.75000 0.17261858612647942857
14.80000 0.17236140880451153445
14.85000 0.17210537924453814251
14.90000 0.17185048892703980172
14.95000 0.17159672942082215830
15.00000 0.17134409238184303281
15.05000 0.17109256955205509598
15.10000 0.17084215275827627223
15.15000 0.17059283391106352945
15.20000 0.17034460500361495172
15.25000 0.17009745811068585630
15.30000 0.16985138538752950210
15.35000 0.16960637906883793691
15.40000 0.16936243146771931545
15.45000 0.16911953497467727137
15.50000 0.16887768205661413123
15.55000 0.16863686525584287157
15.60000 0.16839707718912735879
15.65000 0.16815831054671812050
15.70000 0.16792055809142161782
15.75000 0.16768381265767248745
15.80000 0.16744806715062962588
15.85000 0.16721331454527477156
15.90000 0.16697954788553401317
15.95000 0.16674676028340820744
16.00000 0.16651494491812254828
16.05000 0.16628409503528038260
16.10000 0.16605420394603678802
16.15000 0.16582526502627989440
16.20000 0.16559727171583119021
16.25000 0.16537021751765254574
16.30000 0.16514409599706847409
16.35000 0.16491890078098950245
16.40000 0.16469462555716898877
16.45000 0.16447126407344922483
16.50000 0.16424881013702857802
16.55000 0.16402725761374090108
16.60000 0.16380660042734612736
16.65000 0.16358683255882069951
16.70000 0.16336794804567203454
16.75000 0.16314994098125398803
16.80000 0.16293280551410430079
16.85000 0.16271653584726794572
16.90000 0.16250112623766230224
16.95000 0.16228657099542434517
17.00000 0.16207286448328078743
17.05000 0.16186000111592199757
17.10000 0.16164797535939323669
17.15000 0.16143678173048547908
17.20000 0.16122641479613777915
17.25000 0.16101686917284988021
17.30000 0.16080813952610448214
17.35000 0.16060022056978626170
17.40000 0.16039310706563270070
17.45000 0.16018679382266637345
17.50000 0.15998127569665698822
17.55000 0.15977654758956669201
17.60000 0.15957260444903734187
17.65000 0.15936944126785021481
17.70000 0.15916705308341419500
17.75000 0.15896543497725384997
17.80000 0.15876458207451293880
17.85000 0.15856448954344648516
17.90000 0.15836515259494104990
17.95000 0.15816656648202659374
18.00000 0.15796872649940574274
18.05000 0.15777162798297808544
18.10000 0.15757526630938512024
18.15000 0.15737963689554440583
18.20000 0.15718473519820813644
18.25000 0.15699055671351253016
18.30000 0.15679709697654922729
18.35000 0.15660435156091509490
18.40000 0.15641231607830533012
18.45000 0.15622098617808286014
18.50000 0.15603035754686234160
18.55000 0.15584042590810592843
18.60000 0.15565118702171923393
18.65000 0.15546263668364646016
18.70000 0.15527477072548681591
18.75000 0.15508758501409566910
18.80000 0.15490107545121414856
18.85000 0.15471523797307776271
18.90000 0.15453006855005693709
18.95000 0.15434556318628173122
19.00000 0.15416171791927896217
19.05000 0.15397852881961263116
19.10000 0.15379599199054186376
19.15000 0.15361410356765395346
19.20000 0.15343285971853423688
19.25000 0.15325225664242103640
19.30000 0.15307229056987153859
19.35000 0.15289295776242459168
19.40000 0.15271425451228451409
19.45000 0.15253617714199008137
19.50000 0.15235872200410038868
19.55000 0.15218188548087643874
19.60000 0.15200566398397777346
19.65000 0.15183005395414414518
19.70000 0.15165505186090449952
19.75000 0.15148065420227396771
19.80000 0.15130685750445754811
19.85000 0.15113365832156075430
19.90000 0.15096105323530142894
19.95000 0.15078903885472524915
20.00000 0.15061761181592711600
20.05000 0.15044676878176951873
20.10000 0.15027650644162035554
20.15000 0.15010682151106699567
20.20000 0.14993771073166173302
20.25000 0.14976917087065697021
20.30000 0.14960119872073771030
20.35000 0.14943379109977075747
20.40000 0.14926694485055316819
20.45000 0.14910065684055637258
20.50000 0.14893492396168017677
20.55000 0.14876974313001070649
20.60000 0.14860511128557932214
20.65000 0.14844102539211723180
20.70000 0.14827748243682456475
20.75000 0.14811447943014013906
20.80000 0.14795201340550676039
20.85000 0.14779008141914568020
20.90000 0.14762868054983691035
20.95000 0.14746780789868627060
21.00000 0.14730746058891866501
21.05000 0.14714763576565478842
21.10000 0.14698833059569679782
21.15000 0.14682954226731784186
21.20000 0.14667126799005533733
21.25000 0.14651350499450441212
21.30000 0.14635625053211223645
21.35000 0.14619950187497360305
21.40000 0.14604325631564094023
21.45000 0.14588751116691714427
21.50000 0.14573226376166611984
21.55000 0.14557751145262251558
21.60000 0.14542325161219948892
21.65000 0.14526948163229866373
21.70000 0.14511619892412974675
21.75000 0.14496340091802237260
21.80000 0.14481108506324749663
21.85000 0.14465924882783273708
21.90000 0.14450788969839681308
21.95000 0.14435700517996671866
22.00000 0.14420659279580047563
22.05000 0.14405665008722554066
22.10000 0.14390717461346638761
22.15000 0.14375816395147120175
22.20000 0.14360961569575558805
22.25000 0.14346152745823217978
22.30000 0.14331389686805579009
22.35000 0.14316672157145407529
22.40000 0.14301999923158370542
22.45000 0.14287372752836058343
22.50000 0.14272790415831218547
22.55000 0.14258252683442354525
22.60000 0.14243759328598890046
22.65000 0.14229310125845376356
22.70000 0.14214904851328061253
22.75000 0.14200543282779165555
22.80000 0.14186225199503377237
22.85000 0.14171950382362377696
22.90000 0.14157718613761891002
22.95000 0.14143529677637259323
23.00000 0.14129383359439584567
23.05000 0.14115279446122006024
23.10000 0.14101217726126871743
23.15000 0.14087197989371125217
23.20000 0.14073220027234636942
23.25000 0.14059283632545799270
23.30000 0.14045388599569277877
23.35000 0.14031534723992755698
23.40000 0.14017721802915214524
23.45000 0.14003949634833698368
23.50000 0.13990218019631017743
23.55000 0.13976526758563637132
23.60000 0.13962875654249717883
23.65000 0.13949264510656411709
23.70000 0.13935693133089341322
23.75000 0.13922161328179447071
23.80000 0.13908668903872314915
23.85000 0.13895215669416458026
23.90000 0.13881801435352175700
23.95000 0.13868426013499848826
24.00000 0.13855089216949126318
24.05000 0.13841790860047822886
24.10000 0.13828530758391596733
24.15000 0.13815308728812053518
24.20000 0.13802124589367359420
24.25000 0.13788978159330958495
24.30000 0.13775869259181225401
24.35000 0.13762797710591118117
24.40000 0.13749763336418435733
24.45000 0.13736765960694988231
24.50000 0.13723805408617287260
24.55000 0.13710881506536160002
24.60000 0.13697994081947736933
24.65000 0.13685142963482396783
24.70000 0.13672327980896203936
24.75000 0.13659548965061521497
24.80000 0.13646805747956858301
24.85000 0.13634098162658223052
24.90000 0.13621426043329848410
24.95000 0.13608789225214590335
25.00000 0.13596187544625684684
25.05000 0.13583620838936941166
25.10000 0.13571088946575068923
25.15000 0.13558591707009348681
25.20000 0.13546128960744394099
25.25000 0.13533700549311283856
25.30000 0.13521306315258577180
25.35000 0.13508946102144167578
25.40000 0.13496619754527303114
25.45000 0.13484327117959768461
25.50000 0.13472068038978449178
25.55000 0.13459842365096300054
25.60000 0.13447649944795755927
25.65000 0.13435490627519483531
25.70000 0.13423364263663264961
25.75000 0.13411270704568187262
25.80000 0.13399209802512698775
25.85000 0.13387181410705031870
25.90000 0.13375185383276411155
25.95000 0.13363221575272601904
26.00000 0.13351289842647209860
26.05000 0.13339390042254378743
26.10000 0.13327522031840913219
26.15000 0.13315685670039817401
26.20000 0.13303880816362936845
26.25000 0.13292107331193955821
26.30000 0.13280365075781552786
26.35000 0.13268653912232150627
26.40000 0.13256973703504046358
26.45000 0.13245324313399156613
26.50000 0.13233705606557957801
26.55000 0.13222117448451733979
26.60000 0.13210559705376523354
26.65000 0.13199032244446171069
26.70000 0.13187534933586617103
26.75000 0.13176067641529012886
26.80000 0.13164630237803739976
26.85000 0.13153222592733418428
26.90000 0.13141844577428055119
26.95000 0.13130496063777458149
27.00000 0.13119176924446138144
27.05000 0.13107887032866974431
27.10000 0.13096626263235550125
27.15000 0.13085394490503546305
27.20000 0.13074191590373873684
27.25000 0.13063017439293952981
27.30000 0.13051871914450724477
27.35000 0.13040754893763981115
27.40000 0.13029666255882277337
27.45000 0.13018605880176162271
27.50000 0.13007573646732781270
27.55000 0.12996569436350904891
27.60000 0.12985593130535141859
27.65000 0.12974644611490371293
27.70000 0.12963723762117188021
27.75000 0.12952830466005613164
27.80000 0.12941964607430997414
27.85000 0.12931126071347479045
27.90000 0.12920314743384639367
27.95000 0.12909530509840819179
28.00000 0.12898773257678627924
28.05000 0.12888042874520203029
28.10000 0.12877339248642286074
28.15000 0.12866662268970760485
28.20000 0.12856011825076621435
28.25000 0.12845387807170255412
28.30000 0.12834790106097851425
28.35000 0.12824218613335106043
28.40000 0.12813673220984087009
28.45000 0.12803153821767684906
28.50000 0.12792660309025330467
28.55000 0.12782192576708453768
28.60000 0.12771750519376223743
28.65000 0.12761334032190144172
28.70000 0.12750943010910811837
28.75000 0.12740577351892681812
28.80000 0.12730236952079945767
28.85000 0.12719921709002604548
28.90000 0.12709631520771788593
28.95000 0.12699366286075522425
29.00000 0.12689125904174800019
29.05000 0.12678910274899032884
29.10000 0.12668719298642580617
29.15000 0.12658552876359488448
29.20000 0.12648410909560844906
29.25000 0.12638293300310121658
29.30000 0.12628199951218810337
29.35000 0.12618130765443041907
29.40000 0.12608085646679503822
29.45000 0.12598064499161493179
29.50000 0.12588067227655261315
29.55000 0.12578093737455769974
29.60000 0.12568143934383887994
29.65000 0.12558217724781145508
29.70000 0.12548315015507643944
29.75000 0.12538435713937365334
29.80000 0.12528579727954500256
29.85000 0.12518746965950189320
29.90000 0.12508937336819134223
29.95000 0.12499150749955595385
30.00000 0.12489387115250145943
30.05000 0.12479646343085802618
30.10000 0.12469928344335617920
30.15000 0.12460233030357525941
30.20000 0.12450560312992352274
30.25000 0.12440910104560053140
30.30000 0.12431282317856161279
30.35000 0.12421676866148574636
30.40000 0.12412093663174707248
30.45000 0.12402532623137256518
30.50000 0.12392993660702185388
30.55000 0.12383476690994217606
30.60000 0.12373981629595198761
30.65000 0.12364508392539023951
30.70000 0.12355056896310263881
30.75000 0.12345627057840340146
30.80000 0.12336218794504442975
30.85000 0.12326832024118246356
30.90000 0.12317466664935668164
30.95000 0.12308122635644842824
31.00000 0.12298799855366286671
31.05000 0.12289498243648581954
31.10000 0.12280217720467211107
31.15000 0.12270958206219939601
31.20000 0.12261719621725075680
31.25000 0.12252501888218081394
31.30000 0.12243304927348976074
31.35000 0.12234128661179068109
31.40000 0.12224973012179303489
31.45000 0.12215837903226135774
31.50000 0.12206723257599866317
31.55000 0.12197628998981446813
31.60000 0.12188555051449684319
31.65000 0.12179501339478726596
31.70000 0.12170467787935645987
31.75000 0.12161454322077341894
31.80000 0.12152460867548525725
31.85000 0.12143487350378313894
31.90000 0.12134533696979010742
31.95000 0.12125599834141988220
32.00000 0.12116685689036027496
32.05000 0.12107791189204958338
32.10000 0.12098916262564878010
32.15000 0.12090060837401621352
32.20000 0.12081224842368774863
32.25000 0.12072408206484287752
32.30000 0.12063610859129562936
32.35000 0.12054832730045621225
32.40000 0.12046073749331483171
32.45000 0.12037333847441400447
32.50000 0.12028612955183737299
32.55000 0.12019911003717083375
32.60000 0.12011227924548849300
32.65000 0.12002563649532688173
32.70000 0.11993918110866798321
32.75000 0.11985291241090363645
32.80000 0.11976682973083030426
32.85000 0.11968093240061604410
32.90000 0.11959521975577995512
32.95000 0.11950969113517646847
33.00000 0.11942434588096896564
33.05000 0.11933918333860431271
33.10000 0.11925420285680506105
33.15000 0.11916940378753414220
33.20000 0.11908478548598411262
33.25000 0.11900034731054816295
33.30000 0.11891608862280635128
33.35000 0.11883200878750299623
33.40000 0.11874810717252988479
33.45000 0.11866438314889378447
33.50000 0.11858083609071827513
33.55000 0.11849746537520133849
33.60000 0.11841427038261148619
33.65000 0.11833125049625990710
33.70000 0.11824840510249333414
33.75000 0.11816573359065109250
33.80000 0.11808323535307113650
33.85000 0.11800090978505600736
33.90000 0.11791875628486508942
33.95000 0.11783677425368421776
34.00000 0.11775496309562018260
34.05000 0.11767332221767140554
34.10000 0.11759185102971388137
34.15000 0.11751054894448891008
34.20000 0.11742941537757532744
34.25000 0.11734844974737275447
34.30000 0.11726765147509755904
34.35000 0.11718701998474828629
34.40000 0.11710655470309849768
34.45000 0.11702625505967655106
34.50000 0.11694612048675269433
34.55000 0.11686615041930908943
34.60000 0.11678634429504514136
34.65000 0.11670670155433776616
34.70000 0.11662722164024368066
34.75000 0.11654790399846591542
34.80000 0.11646874807735302371
34.85000 0.11638975332787176997
34.90000 0.11631091920360327185
34.95000 0.11623224516070605750
35.00000 0.11615373065793022089
35.05000 0.11607537515657083416
35.10000 0.11599717812047645460
35.15000 0.11591913901601914871
35.20000 0.11584125731208687327
35.25000 0.11576353248006217289
35.30000 0.11568596399381424200
35.35000 0.11560855132967312597
35.40000 0.11553129396643191384
35.45000 0.11545419138531139158
35.50000 0.11537724306996688384
35.55000 0.11530044850645389254
35.60000 0.11522380718322662585
35.65000 0.11514731859112015133
35.70000 0.11507098222333279891
35.75000 0.11499479757541454517
35.80000 0.11491876414525929728
35.85000 0.11484288143307569419
35.90000 0.11476714894138968781
35.95000 0.11469156617501874429
36.00000 0.11461613264106852716
36.05000 0.11454084784891077620
36.10000 0.11446571131017428680
36.15000 0.11439072253872617502
36.20000 0.11431588105067287675
36.25000 0.11424118636432399609
36.30000 0.11416663800020328268
36.35000 0.11409223548101844747
36.40000 0.11401797833165881746
36.45000 0.11394386607916845433
36.50000 0.11386989825275894983
36.55000 0.11379607438377048467
36.60000 0.11372239400567625556
36.65000 0.11364885665405737025
36.70000 0.11357546186660417986
36.75000 0.11350220918308955020
36.80000 0.11342909814536959734
36.85000 0.11335612829736545215
36.90000 0.11328329918504821683
36.95000 0.11321061035643693871
37.00000 0.11313806136157789073
37.05000 0.11306565175253308064
37.10000 0.11299338108337714237
37.15000 0.11292124891017631116
37.20000 0.11284925479098217860
37.25000 0.11277739828581412329
37.30000 0.11270567895666290525
37.35000 0.11263409636745590203
37.40000 0.11256265008407041750
37.45000 0.11249133967430234582
37.50000 0.11242016470787380422
37.55000 0.11234912475640518315
37.60000 0.11227821939341466051
37.65000 0.11220744819430379657
37.70000 0.11213681073635399510
37.75000 0.11206630659869744326
37.80000 0.11199593536232611835
37.85000 0.11192569661007101267
37.90000 0.11185558992659781763
37.95000 0.11178561489838960419
38.00000 0.11171577111374447755
38.05000 0.11164605816275656458
38.10000 0.11157647563731820650
38.15000 0.11150702313109155106
38.20000 0.11143770023952048742
38.25000 0.11136850655979781133
38.30000 0.11129944169087674366
38.35000 0.11123050523344646390
38.40000 0.11116169678992789127
38.45000 0.11109301596446524707
38.50000 0.11102446236291618753
38.55000 0.11095603559283405415
38.60000 0.11088773526347521503
38.65000 0.11081956098577187830
38.70000 0.11075151237233404888
38.75000 0.11068358903743807931
38.80000 0.11061579059701305561
38.85000 0.11054811666863517683
38.90000 0.11048056687152363331
38.95000 0.11041314082651819406
39.00000 0.11034583815608460522
39.05000 0.11027865848429541096
39.10000 0.11021160143682984245
39.15000 0.11014466664095540205
39.20000 0.11007785372552976455
39.25000 0.11001116232098552550
39.30000 0.10994459205931916834
39.35000 0.10987814257408401453
39.40000 0.10981181350039120881
39.45000 0.10974560447488840298
39.50000 0.10967951513575767419
39.55000 0.10961354512270753137
39.60000 0.10954769407696272887
39.65000 0.10948196164125954810
39.70000 0.10941634745983019883
39.75000 0.10935085117840114000
39.80000 0.10928547244418701512
39.85000 0.10922021090587236136
39.90000 0.10915506621361491246
39.95000 0.10909003801903043029
40.00000 0.10902512597519313509
40.05000 0.10896032973661125276
40.10000 0.10889564895924437604
40.15000 0.10883108330046976919
40.20000 0.10876663241909416413
40.25000 0.10870229597533580257
40.30000 0.10863807363082073065
40.35000 0.10857396504857308450
40.40000 0.10850996989301082973
40.45000 0.10844608782993421514
40.50000 0.10838231852651862563
40.55000 0.10831866165131598390
40.60000 0.10825511687423983176
40.65000 0.10819168386655499126
40.70000 0.10812836230087692624
40.75000 0.10806515185116460920
40.80000 0.10800205219270943291
40.85000 0.10793906300212401106
40.90000 0.10787618395735258658
40.95000 0.10781341473764573247
41.00000 0.10775075502356062929
41.05000 0.10768820449694854746
41.10000 0.10762576284096932178
41.15000 0.10756342974005755897
41.20000 0.10750120487992671781
41.25000 0.10743908794757039971
41.30000 0.10737707863124133778
41.35000 0.10731517662045085559
41.40000 0.10725338160596951942
41.45000 0.10719169327981009632
41.50000 0.10713011133522525042
41.55000 0.10706863546670332410
41.60000 0.10700726536996073290
41.65000 0.10694600074192862904
41.70000 0.10688484128076185253
41.75000 0.10682378668581644920
41.80000 0.10676283665765580466
41.85000 0.10670199089803122927
41.90000 0.10664124910989718209
41.95000 0.10658061099737810296
42.00000 0.10652007626578062494
42.05000 0.10645964462158775954
42.10000 0.10639931577244392258
42.15000 0.10633908942715225576
42.20000 0.10627896529567358586
42.25000 0.10621894308911473959
42.30000 0.10615902251972465786
42.35000 0.10609920330088813689
42.40000 0.10603948514712141504
42.45000 0.10597986777406180614
42.50000 0.10592035089847233464
42.55000 0.10586093423822245940
42.60000 0.10580161751229699707
42.65000 0.10574240044077747036
42.70000 0.10568328274484563301
42.75000 0.10562426414676806541
42.80000 0.10556534436990866466
42.85000 0.10550652313869947341
42.90000 0.10544780017865036659
42.95000 0.10538917521634681707
43.00000 0.10533064797943264557
43.05000 0.10527221819661090885
43.10000 0.10521388559764056903
43.15000 0.10515564991332837508
43.20000 0.10509751087552256232
43.25000 0.10503946821710781478
43.30000 0.10498152167200809626
43.35000 0.10492367097516543117
43.40000 0.10486591586255182562
43.45000 0.10480825607115341891
43.50000 0.10475069133896992846
43.55000 0.10469322140500199325
43.60000 0.10463584600926657819
43.65000 0.10457856489276361189
43.70000 0.10452137779749330615
43.75000 0.10446428446644706600
43.80000 0.10440728464359116945
43.85000 0.10435037807386775277
43.90000 0.10429356450319930694
43.95000 0.10423684367847613208
44.00000 0.10418021534754602631
44.05000 0.10412367925922137724
44.10000 0.10406723516327061330
44.15000 0.10401088281040471450
44.20000 0.10395462195228472035
44.25000 0.10389845234151111331
44.30000 0.10384237373161907259
44.35000 0.10378638587707327001
44.40000 0.10373048853327200558
44.45000 0.10367468145652601608
44.50000 0.10361896440407157571
44.55000 0.10356333713405234398
44.60000 0.10350779940552957969
44.65000 0.10345235097845519034
44.70000 0.10339699161369549085
44.75000 0.10334172107300725052
44.80000 0.10328653911903508400
44.85000 0.10323144551531403257
44.90000 0.10317644002626398525
44.95000 0.10312152241717882639
45.00000 0.10306669245422973857
45.05000 0.10301194990445729227
45.10000 0.10295729453576958623
45.15000 0.10290272611693489224
45.20000 0.10284824441758398661
45.25000 0.10279384920819406579
45.30000 0.10273954026009990415
45.35000 0.10268531734547368950
45.40000 0.10263118023733570905
45.45000 0.10257712870953943074
45.50000 0.10252316253677928870
45.55000 0.10246928149456713264
45.60000 0.10241548535925347474
45.65000 0.10236177390800681175
45.70000 0.10230814691880874001
45.75000 0.10225460417045965922
45.80000 0.10220114544257080658
45.85000 0.10214777051555669340
45.90000 0.10209447917063603495
45.95000 0.10204127118982697642
46.00000 0.10198814635594520561
46.05000 0.10193510445259051922
46.10000 0.10188214526416074224
46.15000 0.10182926857582950964
46.20000 0.10177647417355499548
46.25000 0.10172376184406999033
46.30000 0.10167113137488775765
46.35000 0.10161858255427654030
46.40000 0.10156611517128565081
46.45000 0.10151372901571824314
46.50000 0.10146142387813390784
46.55000 0.10140919954985437579
46.60000 0.10135705582295613525
46.65000 0.10130499249025615160
46.70000 0.10125300934531784869
46.75000 0.10120110618245113654
46.80000 0.10114928279669717359
46.85000 0.10109753898383594395
46.90000 0.10104587454037962380
46.95000 0.10099428926356468494
47.00000 0.10094278295135399037
47.05000 0.10089135540243175659
47.10000 0.10084000641620284588
47.15000 0.10078873579277906891
47.20000 0.10073754333299407560
47.25000 0.10068642883838112290
47.30000 0.10063539211118505134
47.35000 0.10058443295434299491
47.40000 0.10053355117150504505
47.45000 0.10048274656700172114
47.50000 0.10043201894586185896
47.55000 0.10038136811380587998
47.60000 0.10033079387723564668
47.65000 0.10028029604323980550
47.70000 0.10022987441958543242
47.75000 0.10017952881471471616
47.80000 0.10012925903774529124
47.85000 0.10007906489846296605
47.90000 0.10002894620732155628
47.95000 0.09997890277544063675
48.00000 0.09992893441460264092
48.05000 0.09987904093724220278
48.10000 0.09982922215645846642
48.15000 0.09977947788599605961
48.20000 0.09972980794025454454
48.25000 0.09968021213427225025
48.30000 0.09963069028374434144
48.35000 0.09958124220499359192
48.40000 0.09953186771498563623
48.45000 0.09948256663132526434
48.50000 0.09943333877224620754
48.55000 0.09938418395661040294
48.60000 0.09933510200391072742
48.65000 0.09928609273426181048
48.70000 0.09923715596840000652
48.75000 0.09918829152767698332
48.80000 0.09913949923406828457
48.85000 0.09909077891015173611
48.90000 0.09904213037912446005
48.95000 0.09899355346478626305
49.00000 0.09894504799154502095
49.05000 0.09889661378440288420
49.10000 0.09884825066897680312
49.15000 0.09879995847146505472
49.20000 0.09875173701866964138
49.25000 0.09870358613798579928
49.30000 0.09865550565739229782
49.35000 0.09860749540545070413
49.40000 0.09855955521131530561
49.45000 0.09851168490471938488
49.50000 0.09846388431597125068
49.55000 0.09841615327596131557
49.60000 0.09836849161615079939
49.65000 0.09832089916857035539
49.70000 0.09827337576582413636
49.75000 0.09822592124107987210
49.80000 0.09817853542807018774
49.85000 0.09813121816108556772
49.90000 0.09808396927498409801
49.95000 0.09803678860516927551
50.00000 0.09798967598760814635
50.05000 0.09794263125881207122
50.10000 0.09789565425585200487
50.15000 0.09784874481633094867
50.20000 0.09780190277841201152
50.25000 0.09775512798079367960
50.30000 0.09770842026271298053
50.35000 0.09766177946394792586
50.40000 0.09761520542480901785
50.45000 0.09756869798614010991
50.50000 0.09752225698931825393
50.55000 0.09747588227624616464
50.60000 0.09742957368935611928
50.65000 0.09738333107160290769
50.70000 0.09733715426646277757
50.75000 0.09729104311792920179
50.80000 0.09724499747052016418
50.85000 0.09719901716925895274
50.90000 0.09715310205968979984
50.95000 0.09710725198786150647
51.00000 0.09706146680034026530
51.05000 0.09701574634418504151
51.10000 0.09697009046697314949
51.15000 0.09692449901677839541
51.20000 0.09687897184217177105
51.25000 0.09683350879222464569
51.30000 0.09678810971650657347
51.35000 0.09674277446507571765
51.40000 0.09669750288848522057
51.45000 0.09665229483777842967
51.50000 0.09660715016448372106
51.55000 0.09656206872061255664
51.60000 0.09651705035866918470
51.65000 0.09647209493162943461
51.70000 0.09642720229295430323
51.75000 0.09638237229658032368
51.80000 0.09633760479692159151
51.85000 0.09629289964885635877
51.90000 0.09624825670774828090
51.95000 0.09620367582942036810
52.00000 0.09615915687016261815
52.05000 0.09611469968673939934
52.10000 0.09607030413637018817
52.15000 0.09602597007673978335
52.20000 0.09598169736599165836
52.25000 0.09593748586272994594
52.30000 0.09589333542601014004
52.35000 0.09584924591534367544
52.40000 0.09580521719069702569
52.45000 0.09576124911248151683
52.50000 0.09571734154156054386
52.55000 0.09567349433924222935
52.60000 0.09562970736728386434
52.65000 0.09558598048787642076
52.70000 0.09554231356366378602
52.75000 0.09549870645771907363
52.80000 0.09545515903356109610
52.85000 0.09541167115513353447
52.90000 0.09536824268682948802
52.95000 0.09532487349345823702
53.00000 0.09528156344026704472
53.05000 0.09523831239293233109
53.10000 0.09519512021755503761
53.15000 0.09515198678066305593
53.20000 0.09510891194920834124
53.25000 0.09506589559056118077
53.30000 0.09502293757251546735
53.35000 0.09498003776327919312
53.40000 0.09493719603147915409
53.45000 0.09489441224615639825
53.50000 0.09485168627676826558
53.55000 0.09480901799317564826
53.60000 0.09476640726565967177
53.65000 0.09472385396490090592
53.70000 0.09468135796199328436
53.75000 0.09463891912842614662
53.80000 0.09459653733610619286
53.85000 0.09455421245732709146
53.90000 0.09451194436478892180
53.95000 0.09446973293159183216
54.00000 0.09442757803123143223
54.05000 0.09438547953759507392
54.10000 0.09434343732496958124
54.15000 0.09430145126802967626
54.20000 0.09425952124184067138
54.25000 0.09421764712185831669
54.30000 0.09417582878392877221
54.35000 0.09413406610427400845
54.40000 0.09409235895951058304
54.45000 0.09405070722663121108
54.50000 0.09400911078301242563
54.55000 0.09396756950640733352
54.60000 0.09392608327495706455
54.65000 0.09388465196716481997
54.70000 0.09384327546191960356
54.75000 0.09380195363848366219
54.80000 0.09376068637648370119
54.85000 0.09371947355592437356
54.90000 0.09367831505717699736
54.95000 0.09363721076098067975
55.00000 0.09359616054843905575
55.05000 0.09355516430102416015
55.10000 0.09351422190057041839
55.15000 0.09347333322927066368
55.20000 0.09343249816968446364
55.25000 0.09339171660472600500
55.30000 0.09335098841767003330
55.35000 0.09331031349214234660
55.40000 0.09326969171213357612
55.45000 0.09322912296197551074
55.50000 0.09318860712636274635
55.55000 0.09314814409033173037
55.60000 0.09310773373927556940
55.65000 0.09306737595893205262
55.70000 0.09302707063538938337
55.75000 0.09298681765507693653
55.80000 0.09294661690476847815
55.85000 0.09290646827158176302
55.90000 0.09286637164297278924
55.95000 0.09282632690674237630
56.00000 0.09278633395102774128
56.05000 0.09274639266430108331
56.10000 0.09270650293537553710
56.15000 0.09266666465339588876
56.20000 0.09262687770784173991
56.25000 0.09258714198852102673
56.30000 0.09254745738558102508
56.35000 0.09250782378948764484
56.40000 0.09246824109104447020
56.45000 0.09242870918137452430
56.50000 0.09238922795193676984
56.55000 0.09234979729450000507
56.60000 0.09231041710117153520
56.65000 0.09227108726437355246
56.70000 0.09223180767684822923
56.75000 0.09219257823165787069
56.80000 0.09215339882218726020
56.85000 0.09211426934213173823
56.90000 0.09207518968550752747
56.95000 0.09203615974664448862
57.00000 0.09199717942018548200
57.05000 0.09195824860108169074
57.10000 0.09191936718460613776
57.15000 0.09188053506633080125
57.20000 0.09184175214214368443
57.25000 0.09180301830823701936
57.30000 0.09176433346111328992
57.35000 0.09172569749756979973
57.40000 0.09168711031472308315
57.45000 0.09164857180998137176
57.50000 0.09161008188105600192
57.55000 0.09157164042596566134
57.60000 0.09153324734302238641
57.65000 0.09149490253083834845
57.70000 0.09145660588832377202
57.75000 0.09141835731468601900
57.80000 0.09138015670942495339
57.85000 0.09134200397233448177
57.90000 0.09130389900350581456
57.95000 0.09126584170331503154
58.00000 0.09122783197243411468
58.05000 0.09118986971182109491
58.10000 0.09115195482272847594
58.15000 0.09111408720668566497
58.20000 0.09107626676552138534
58.25000 0.09103849340133830792
58.30000 0.09100076701653299349
58.35000 0.09096308751377714386
58.40000 0.09092545479602880121
58.45000 0.09088786876652238389
58.50000 0.09085032932877736001
58.55000 0.09081283638659089219
58.60000 0.09077538984403764333
58.65000 0.09073798960547117820
58.70000 0.09070063557551726052
58.75000 0.09066332765907773872
58.80000 0.09062606576133148961
58.85000 0.09058884978772459295
58.90000 0.09055167964397885239
58.95000 0.09051455523608453735
59.00000 0.09047747647030655871
59.05000 0.09044044325316924482
59.10000 0.09040345549147658921
59.15000 0.09036651309228922735
59.20000 0.09032961596294207529
59.25000 0.09029276401102410976
59.30000 0.09025595714440348694
59.35000 0.09021919527119558191
59.40000 0.09018247829978560948
59.45000 0.09014580613882182403
59.50000 0.09010917869720676265
59.55000 0.09007259588410328199
59.60000 0.09003605760893773624
59.65000 0.08999956378138797286
59.70000 0.08996311431139004944
59.75000 0.08992670910913715121
59.80000 0.08989034808507545549
59.85000 0.08985403114989946871
59.90000 0.08981775821456590425
59.95000 0.08978152919027511392
60.00000 0.08974534398848248162
60.05000 0.08970920252088850078
60.10000 0.08967310469945379003
60.15000 0.08963705043637126835
60.20000 0.08960103964409298072
60.25000 0.08956507223531502693
60.30000 0.08952914812297319003
60.35000 0.08949326722025290060
60.40000 0.08945742944058243662
60.45000 0.08942163469763107775
60.50000 0.08938588290530991021
60.55000 0.08935017397777260395
60.60000 0.08931450782941365019
60.65000 0.08927888437486158901
60.70000 0.08924330352899088881
60.75000 0.08920776520690749944
60.80000 0.08917226932395842798
60.85000 0.08913681579571965108
60.90000 0.08910140453801335125
60.95000 0.08906603546688217354
61.00000 0.08903070849861399738
61.05000 0.08899542354971885783
61.10000 0.08896018053694704220
61.15000 0.08892497937727462942
61.20000 0.08888981998791306571
61.25000 0.08885470228629714640
61.30000 0.08881962619009210747
61.35000 0.08878459161719025328
61.40000 0.08874959848570940224
61.45000 0.08871464671399614810
61.50000 0.08867973622062171046
61.55000 0.08864486692437763271
61.60000 0.08861003874428542704
61.65000 0.08857525159958450078
61.70000 0.08854050540973930350
61.75000 0.08850580009443002882
61.80000 0.08847113557356706126
61.85000 0.08843651176726811947
61.90000 0.08840192859588041907
61.95000 0.08836738597996017519
62.00000 0.08833288384029230889
62.05000 0.08829842209786244178
62.10000 0.08826400067388821824
62.15000 0.08822961948979364533
62.20000 0.08819527846721593456
62.25000 0.08816097752801053955
62.30000 0.08812671659424525794
62.35000 0.08809249558819391701
62.40000 0.08805831443234800326
62.45000 0.08802417304940673981
62.50000 0.08799007136227832149
62.55000 0.08795600929408046997
62.60000 0.08792198676814512448
62.65000 0.08788800370800158024
62.70000 0.08785406003739466840
62.75000 0.08782015568027036478
62.80000 0.08778629056078347814
62.85000 0.08775246460328779696
62.90000 0.08771867773235129950
62.95000 0.08768492987273468486
63.00000 0.08765122094940430708
63.05000 0.08761755088753303555
63.10000 0.08758391961249069324
63.15000 0.08755032704984751224
63.20000 0.08751677312537604891
63.25000 0.08748325776504715934
63.30000 0.08744978089502936092
63.35000 0.08741634244168731971
63.40000 0.08738294233158881708
63.45000 0.08734958049148967840
63.50000 0.08731625684834820600
63.55000 0.08728297132931261970
63.60000 0.08724972386173103500
63.65000 0.08721651437313948652
63.70000 0.08718334279127520903
63.75000 0.08715020904405734736
63.80000 0.08711711305960768981
63.85000 0.08708405476622976815
63.90000 0.08705103409241937706
63.95000 0.08701805096686786312
64.00000 0.08698510531845028704
64.05000 0.08695219707623130789
64.10000 0.08691932616946668189
64.15000 0.08688649252759374220
64.20000 0.08685369608024050281
64.25000 0.08682093675721837267
64.30000 0.08678821448852898357
64.35000 0.08675552920434946580
64.40000 0.08672288083505247380
64.45000 0.08669026931118424539
64.50000 0.08665769456348210165
64.55000 0.08662515652285496248
64.60000 0.08659265512040821566
64.65000 0.08656019028741494814
64.70000 0.08652776195533236347
64.75000 0.08649537005579527316
64.80000 0.08646301452062998827
64.85000 0.08643069528182073524
64.90000 0.08639841227154874959
64.95000 0.08636616542216690728
65.00000 0.08633395466619910030
65.05000 0.08630177993634681466
65.10000 0.08626964116549583339
65.15000 0.08623753828669582233
65.20000 0.08620547123317445770
65.25000 0.08617343993833513627
65.30000 0.08614144433576075011
65.35000 0.08610948435918643062
65.40000 0.08607755994254022436
65.45000 0.08604567101991610067
65.50000 0.08601381752557307747
65.55000 0.08598199939394605973
65.60000 0.08595021655964239782
65.65000 0.08591846895742781542
65.70000 0.08588675652224396495
65.75000 0.08585507918920078085
65.80000 0.08582343689357592453
65.85000 0.08579182957080956629
65.90000 0.08576025715651315606
65.95000 0.08572871958646272050
66.00000 0.08569721679660124991
66.05000 0.08566574872303057975
66.10000 0.08563431530202703090
66.15000 0.08560291647001999626
66.20000 0.08557155216360907979
66.25000 0.08554022231954909461
66.30000 0.08550892687476858989
66.35000 0.08547766576634178992
66.40000 0.08544643893152015224
66.45000 0.08541524630770674920
66.50000 0.08538408783246613509
66.55000 0.08535296344352039100
66.60000 0.08532187307875664650
66.65000 0.08529081667621003782
66.70000 0.08525979417408431627
66.75000 0.08522880551073334920
66.80000 0.08519785062467542802
66.85000 0.08516692945457336739
66.90000 0.08513604193926183061
66.95000 0.08510518801771438380
67.00000 0.08507436762907226446
67.05000 0.08504358071261775009
67.10000 0.08501282720780445334
67.15000 0.08498210705422136468
67.20000 0.08495142019162076064
67.25000 0.08492076655990023204
67.30000 0.08489014609912430565
67.35000 0.08485955874948553079
67.40000 0.08482900445135092837
67.45000 0.08479848314522543673
67.50000 0.08476799477176112652
67.55000 0.08473753927176180811
67.60000 0.08470711658618969297
67.65000 0.08467672665614166261
67.70000 0.08464636942286886401
67.75000 0.08461604482777089487
67.80000 0.08458575281239749666
67.85000 0.08455549331842977800
67.90000 0.08452526628771424300
67.95000 0.08449507166223087229
68.00000 0.08446490938410944338
68.05000 0.08443477939561927492
68.10000 0.08440468163918313227
68.15000 0.08437461605735778469
68.20000 0.08434458259284556558
68.25000 0.08431458118849659289
68.30000 0.08428461178729858283
68.35000 0.08425467433237782133
68.40000 0.08422476876701333326
68.45000 0.08419489503461714819
68.50000 0.08416505307874248831
68.55000 0.08413524284308150636
68.60000 0.08410546427147129467
68.65000 0.08407571730788243602
68.70000 0.08404600189642641439
68.75000 0.08401631798135043849
68.80000 0.08398666550704624034
68.85000 0.08395704441803213125
68.90000 0.08392745465897455404
68.95000 0.08389789617466873739
69.00000 0.08386836891005411410
69.05000 0.08383887281019349047
69.10000 0.08380940782030139868
69.15000 0.08377997388571029047
69.20000 0.08375057095189658574
69.25000 0.08372119896446834908
69.30000 0.08369185786916986947
69.35000 0.08366254761187165434
69.40000 0.08363326813858797115
69.45000 0.08360401939545396288
69.50000 0.08357480132874449408
69.55000 0.08354561388485769180
69.60000 0.08351645701033506841
69.65000 0.08348733065183222557
69.70000 0.08345823475615184173
69.75000 0.08342916927021297446
69.80000 0.08340013414107783074
69.85000 0.08337112931591970921
69.90000 0.08334215474205870777
69.95000 0.08331321036693213611
70.00000 0.08328429613811265397
70.05000 0.08325541200328470670
70.10000 0.08322655791028328587
70.15000 0.08319773380704609256
70.20000 0.08316893964164985553
70.25000 0.08314017536229904859
70.30000 0.08311144091732193540
70.35000 0.08308273625516174321
70.40000 0.08305406132440051881
70.45000 0.08302541607373752075
70.50000 0.08299680045199571421
70.55000 0.08296821440811756598
70.60000 0.08293965789118427911
70.65000 0.08291113085037993269
70.70000 0.08288263323502362279
70.75000 0.08285416499455089401
70.80000 0.08282572607852468904
70.85000 0.08279731643661920881
70.90000 0.08276893601863975769
70.95000 0.08274058477450899063
71.00000 0.08271226265426556701
71.05000 0.08268396960807154750
71.10000 0.08265570558620875807
71.15000 0.08262747053907723571
71.20000 0.08259926441719295243
71.25000 0.08257108717119245045
71.30000 0.08254293875183194018
71.35000 0.08251481910997922331
71.40000 0.08248672819662555833
71.45000 0.08245866596287609873
71.50000 0.08243063235995568006
71.55000 0.08240262733919787030
71.60000 0.08237465085206342741
71.65000 0.08234670285011667923
71.70000 0.08231878328504534104
71.75000 0.08229089210864311277
71.80000 0.08226302927283081490
71.85000 0.08223519472962631527
71.90000 0.08220738843117840478
71.95000 0.08217961032973897240
72.00000 0.08215186037767589766
72.05000 0.08212413852746623666
72.10000 0.08209644473170681078
72.15000 0.08206877894309477783
72.20000 0.08204114111445075241
72.25000 0.08201353119869807251
72.30000 0.08198594914887984142
72.35000 0.08195839491813676492
72.40000 0.08193086845973680810
72.45000 0.08190336972704043150
72.50000 0.08187589867353169126
72.55000 0.08184845525278948430
72.60000 0.08182103941852006401
72.65000 0.08179365112451945918
72.70000 0.08176629032470361658
72.75000 0.08173895697308811159
72.80000 0.08171165102381221235
72.85000 0.08168437243109852308
72.90000 0.08165712114930091803
72.95000 0.08162989713286637750
73.00000 0.08160270033634713094
73.05000 0.08157553071440214187
73.10000 0.08154838822180680846
73.15000 0.08152127281342703979
73.20000 0.08149418444424155750
73.25000 0.08146712306933308334
73.30000 0.08144008864389352953
73.35000 0.08141308112320268242
73.40000 0.08138610046266435416
73.45000 0.08135914661777267354
73.50000 0.08133221954413107080
73.55000 0.08130531919743934355
73.60000 0.08127844553351037948
73.65000 0.08125159850824842378
73.70000 0.08122477807766352587
73.75000 0.08119798419787058186
73.80000 0.08117121682508297853
73.85000 0.08114447591561392559
73.90000 0.08111776142587896754
73.95000 0.08109107331239584493
74.00000 0.08106441153178101100
74.05000 0.08103777604074817453
74.10000 0.08101116679611723714
74.15000 0.08098458375480037386
74.20000 0.08095802687381235818
74.25000 0.08093149611026266566
74.30000 0.08090499142136718669
74.35000 0.08087851276442782622
74.40000 0.08085206009685672046
74.45000 0.08082563337615443488
74.50000 0.08079923255992818576
74.55000 0.08077285760586867813
74.60000 0.08074650847178078961
74.65000 0.08072018511554789055
74.70000 0.08069388749516030745
74.75000 0.08066761556870034877
74.80000 0.08064136929435002099
74.85000 0.08061514863037839984
74.90000 0.08058895353516169757
74.95000 0.08056278396715831069
75.00000 0.08053663988493024728
75.05000 0.08051052124712415603
75.10000 0.08048442801249404421
75.15000 0.08045836013987364699
75.20000 0.08043231758819691102
75.25000 0.08040630031648728082
75.30000 0.08038030828387218718
75.35000 0.08035434144955265479
75.40000 0.08032839977284124411
75.45000 0.08030248321313383786
75.50000 0.08027659172991599701
75.55000 0.08025072528275907502
75.60000 0.08022488383134625256
75.65000 0.08019906733542694899
75.70000 0.08017327575485526381
75.75000 0.08014750904957591848
75.80000 0.08012176717962384009
75.85000 0.08009605010511246237
75.90000 0.08007035778626016287
75.95000 0.08004469018336625441
76.00000 0.08001904725682060238
76.05000 0.07999342896709644990
76.10000 0.07996783527477228926
76.15000 0.07994226614049426693
76.20000 0.07991672152501036464
76.25000 0.07989120138914952707
76.30000 0.07986570569383542872
76.35000 0.07984023440006786376
76.40000 0.07981478746894522802
76.45000 0.07978936486164812936
76.50000 0.07976396653944137216
76.55000 0.07973859246367806519
76.60000 0.07971324259579935789
76.65000 0.07968791689732991623
76.70000 0.07966261532987897742
76.75000 0.07963733785514175156
76.80000 0.07961208443490183639
76.85000 0.07958685503102040648
76.90000 0.07956164960545082654
76.95000 0.07953646812022652224
77.00000 0.07951131053746965383
77.05000 0.07948617681937765467
77.10000 0.07946106692824417284
77.15000 0.07943598082643331393
77.20000 0.07941091847640201207
77.25000 0.07938587984068014303
77.30000 0.07936086488189421362
77.35000 0.07933587356273887059
77.40000 0.07931090584599842508
77.45000 0.07928596169453862308
77.50000 0.07926104107130783893
77.55000 0.07923614393933116340
77.60000 0.07921127026172015972
77.65000 0.07918642000166552231
77.70000 0.07916159312244101798
77.75000 0.07913678958739485403
77.80000 0.07911200935996576256
77.85000 0.07908725240366212828
77.90000 0.07906251868207588018
77.95000 0.07903780815888190869
78.00000 0.07901312079783527620
78.05000 0.07898845656275844951
78.10000 0.07896381541756514189
78.15000 0.07893919732624971042
78.20000 0.07891460225287280639
78.25000 0.07889003016158180337
78.30000 0.07886548101660857679
78.35000 0.07884095478224907583
78.40000 0.07881645142288039307
78.45000 0.07879197090296409522
78.50000 0.07876751318703237303
78.55000 0.07874307823969364795
78.60000 0.07871866602564153714
78.65000 0.07869427650964118393
78.70000 0.07866990965653240797
78.75000 0.07864556543123264742
78.80000 0.07862124379873784707
78.85000 0.07859694472411686561
78.90000 0.07857266817251377933
78.95000 0.07854841410914803479
79.00000 0.07852418249931812644
79.05000 0.07849997330838968945
79.10000 0.07847578650181123716
79.15000 0.07845162204510448822
79.20000 0.07842747990386002288
79.25000 0.07840336004374760803
79.30000 0.07837926243050973019
79.35000 0.07835518702995991625
79.40000 0.07833113380798821523
79.45000 0.07830710273055814519
79.50000 0.07828309376370651274
79.55000 0.07825910687353891670
79.60000 0.07823514202624162750
79.65000 0.07821119918806514193
79.70000 0.07818727832533725608
79.75000 0.07816337940445251820
79.80000 0.07813950239188663383
79.85000 0.07811564725417383115
79.90000 0.07809181395793336755
79.95000 0.07806800246984550717
80.00000 0.07804421275667224045
80.05000 0.07802044478523197102
80.10000 0.07799669852242867296
80.15000 0.07797297393522871489
80.20000 0.07794927099067019971
80.25000 0.07792558965585967556
80.30000 0.07790192989797914414
80.35000 0.07787829168427454207
80.40000 0.07785467498206401216
80.45000 0.07783107975873211626
80.50000 0.07780750598173941102
80.55000 0.07778395361860475365
80.60000 0.07776042263692686807
80.65000 0.07773691300436878782
80.70000 0.07771342468865956310
80.75000 0.07768995765759505179
80.80000 0.07766651187905154741
80.85000 0.07764308732096052157
80.90000 0.07761968395132003151
80.95000 0.07759630173820705745
81.00000 0.07757294064975835124
81.05000 0.07754960065417089432
81.10000 0.07752628171972299198
81.15000 0.07750298381475557996
81.20000 0.07747970690767011503
81.25000 0.07745645096694024623
81.30000 0.07743321596110742944
81.35000 0.07741000185877029705
81.40000 0.07738680862859906306
81.45000 0.07736363623933062428
81.50000 0.07734048465976681164
81.55000 0.07731735385876804811
81.60000 0.07729424380527404048
81.65000 0.07727115446827854950
81.70000 0.07724808581684448894
81.75000 0.07722503782009475237
81.80000 0.07720201044722518890
81.85000 0.07717900366749069763
81.90000 0.07715601745020186919
81.95000 0.07713305176474487268
82.00000 0.07711010658057591838
82.05000 0.07708718186719072663
82.10000 0.07706427759417645851
82.15000 0.07704139373116571099
82.20000 0.07701853024785833279
82.25000 0.07699568711401620635
82.30000 0.07697286429946870179
82.35000 0.07695006177410275428
82.40000 0.07692727950786613922
82.45000 0.07690451747077715894
82.50000 0.07688177563290830852
82.55000 0.07685905396439460247
82.60000 0.07683635243544310878
82.65000 0.07681367101630841299
82.70000 0.07679100967731745941
82.75000 0.07676836838884727732
82.80000 0.07674574712135101562
82.85000 0.07672314584532745341
82.90000 0.07670056453134140029
82.95000 0.07667800315002672173
83.00000 0.07665546167206614692
83.05000 0.07663294006821051718
83.10000 0.07661043830926687892
83.15000 0.07658795636610243873
83.20000 0.07656549420964789410
83.25000 0.07654305181088615073
83.30000 0.07652062914087094658
83.35000 0.07649822617070374531
83.40000 0.07647584287155025085
83.45000 0.07645347921463682694
83.50000 0.07643113517124745793
83.55000 0.07640881071272237479
83.60000 0.07638650581046670107
83.65000 0.07636422043593386888
83.70000 0.07634195456064954421
83.75000 0.07631970815617981907
83.80000 0.07629748119417023577
83.85000 0.07627527364630583284
83.90000 0.07625308548433411271
83.95000 0.07623091668006538868
84.00000 0.07620876720536243210
84.05000 0.07618663703214635652
84.10000 0.07616452613239800551
84.15000 0.07614243447814871002
84.20000 0.07612036204149678909
84.25000 0.07609830879458322206
84.30000 0.07607627470962323446
84.35000 0.07605425975887027124
84.40000 0.07603226391464550094
84.45000 0.07601028714932119013
84.50000 0.07598832943533079254
84.55000 0.07596639074515441903
84.60000 0.07594447105133374232
84.65000 0.07592257032647346804
84.70000 0.07590068854322289116
84.75000 0.07587882567427961522
84.80000 0.07585698169242076350
84.85000 0.07583515657045006297
84.90000 0.07581335028124423780
84.95000 0.07579156279772984728
85.00000 0.07576979409288955858
85.05000 0.07574804413975495809
85.10000 0.07572631291141754262
85.15000 0.07570460038102368172
85.20000 0.07568290652176624944
85.25000 0.07566123130689894616
85.30000 0.07563957470972924868
85.35000 0.07561793670360733577
85.40000 0.07559631726195130408
85.45000 0.07557471635822099465
85.50000 0.07555313396594111330
85.55000 0.07553157005867376650
85.60000 0.07551002461004970023
85.65000 0.07548849759374649804
85.70000 0.07546698898348667972
85.75000 0.07544549875305582576
85.80000 0.07542402687628492475
85.85000 0.07540257332706022664
85.90000 0.07538113807932055044
85.95000 0.07535972110705226046
86.00000 0.07533832238430153427
86.05000 0.07531694188515429544
86.10000 0.07529557958376011106
86.15000 0.07527423545431426166
86.20000 0.07525290947106230699
86.25000 0.07523160160830145993
86.30000 0.07521031184038308448
86.35000 0.07518904014170238459
86.40000 0.07516778648671595953
86.45000 0.07514655084991651857
86.50000 0.07512533320586541052
86.55000 0.07510413352915230878
86.60000 0.07508295179443590095
86.65000 0.07506178797641945011
86.70000 0.07504064204985169684
86.75000 0.07501951398953525529
86.80000 0.07499840377032206129
86.85000 0.07497731136711362210
86.90000 0.07495623675485772741
86.95000 0.07493517990855086408
87.00000 0.07491414080324980407
87.05000 0.07489311941404211415
87.10000 0.07487211571608283489
87.15000 0.07485112968456371363
87.20000 0.07483016129473078759
87.25000 0.07480921052187267106
87.30000 0.07478827734133609850
87.35000 0.07476736172850953488
87.40000 0.07474646365882285648
87.45000 0.07472558310777063784
87.50000 0.07470472005088250878
87.55000 0.07468387446373148109
87.60000 0.07466304632196001101
87.65000 0.07464223560123944834
87.70000 0.07462144227729401724
87.75000 0.07460066632589297531
87.80000 0.07457990772285878756
87.85000 0.07455916644405467808
87.90000 0.07453844246539076401
87.95000 0.07451773576283061973
88.00000 0.07449704631237828723
88.05000 0.07447637409008357745
88.10000 0.07445571907205419948
88.15000 0.07443508123442918456
88.20000 0.07441446055340582288
88.25000 0.07439385700521529421
88.30000 0.07437327056615085363
88.35000 0.07435270121253532982
88.40000 0.07433214892074387070
88.45000 0.07431161366720408223
88.50000 0.07429109542837937508
88.55000 0.07427059418078472974
88.60000 0.07425010990097809238
88.65000 0.07422964256556137397
88.70000 0.07420919215118663981
88.75000 0.07418875863454225950
88.80000 0.07416834199237394565
88.85000 0.07414794220145949633
88.90000 0.07412755923862772434
88.95000 0.07410719308075214284
89.00000 0.07408684370475093761
89.05000 0.07406651108758277591
89.10000 0.07404619520625817242
89.15000 0.07402589603782051830
89.20000 0.07400561355937219921
89.25000 0.07398534774804088610
89.30000 0.07396509858102039148
89.35000 0.07394486603552899440
89.40000 0.07392465008883471189
89.45000 0.07390445071825270384
89.50000 0.07388426790113818143
89.55000 0.07386410161488930759
89.60000 0.07384395183694807130
89.65000 0.07382381854480196681
89.70000 0.07380370171598270301
89.75000 0.07378360132805318605
89.80000 0.07376351735863780068
89.85000 0.07374344978538453776
89.90000 0.07372339858599658013
89.95000 0.07370336373821334552
90.00000 0.07368334521982311536
90.05000 0.07366334300864620099
90.10000 0.07364335708255224933
90.15000 0.07362338741945879950
90.20000 0.07360343399730973069
90.25000 0.07358349679410267075
90.30000 0.07356357578788211282
90.35000 0.07354367095671200671
90.40000 0.07352378227871692040
90.45000 0.07350390973205682410
90.50000 0.07348405329493602756
90.55000 0.07346421294559336845
90.60000 0.07344438866231579877
90.65000 0.07342458042343068259
90.70000 0.07340478820730052256
90.75000 0.07338501199233411765
90.80000 0.07336525175697920786
90.85000 0.07334550747972225226
90.90000 0.07332577913909579803
90.95000 0.07330606671366358962
91.00000 0.07328637018204257891
91.05000 0.07326668952287344883
91.10000 0.07324702471485382282
91.15000 0.07322737573671424249
91.20000 0.07320774256721930551
91.25000 0.07318812518518232058
91.30000 0.07316852356945112434
91.35000 0.07314893769891479824
91.40000 0.07312936755250405707
91.45000 0.07310981310918335252
91.50000 0.07309027434796581957
91.55000 0.07307075124789096099
91.60000 0.07305124378805065433
91.65000 0.07303175194756901523
91.70000 0.07301227570560965552
91.75000 0.07299281504137423993
91.80000 0.07297336993410773187
91.85000 0.07295394036308565366
91.90000 0.07293452630763397337
91.95000 0.07291512774710172395
92.00000 0.07289574466089540628
92.05000 0.07287637702843721699
92.10000 0.07285702482920726475
92.15000 0.07283768804271710529
92.20000 0.07281836664851340513
92.25000 0.07279906062618345108
92.30000 0.07277976995535342941
92.35000 0.07276049461568596943
92.40000 0.07274123458687976884
92.45000 0.07272198984866914961
92.50000 0.07270276038083817172
92.55000 0.07268354616318921380
92.60000 0.07266434717558140077
92.65000 0.07264516339789801880
92.70000 0.07262599481006636049
92.75000 0.07260684139204361121
92.80000 0.07258770312383476531
92.85000 0.07256857998547390498
92.90000 0.07254947195702683704
92.95000 0.07253037901861077164
93.00000 0.07251130115036852342
93.05000 0.07249223833247368798
93.10000 0.07247319054515889702
93.15000 0.07245415776867362989
93.20000 0.07243513998331028991
93.25000 0.07241613716939383771
93.30000 0.07239714930729265752
93.35000 0.07237817637740354137
93.40000 0.07235921836016058484
93.45000 0.07234027523603871190
93.50000 0.07232134698554396057
93.55000 0.07230243358921913110
93.60000 0.07228353502764522931
93.65000 0.07226465128143259864
93.70000 0.07224578233123681026
93.75000 0.07222692815773544550
93.80000 0.07220808874165830782
93.85000 0.07218926406375315852
93.90000 0.07217045410481058576
93.95000 0.07215165884566132615
94.00000 0.07213287826716299755
94.05000 0.07211411235021257526
94.10000 0.07209536107574089636
94.15000 0.07207662442471088338
94.20000 0.07205790237812630117
94.25000 0.07203919491701564481
94.30000 0.07202050202245528776
94.35000 0.07200182367554223972
94.40000 0.07198315985741536582
94.45000 0.07196451054924644930
94.50000 0.07194587573224302257
94.55000 0.07192725538764151161
94.60000 0.07190864949672108597
94.65000 0.07189005804078243966
94.70000 0.07187148100117608795
94.75000 0.07185291835926675696
94.80000 0.07183437009647591909
94.85000 0.07181583619423853593
94.90000 0.07179731663403045305
94.95000 0.07177881139736307092
95.00000 0.07176032046577930645
95.05000 0.07174184382085367628
95.10000 0.07172338144419589112
95.15000 0.07170493331745299292
95.20000 0.07168649942229793348
95.25000 0.07166807974043366836
95.30000 0.07164967425361241926
95.35000 0.07163128294359927262
95.40000 0.07161290579220579156
95.45000 0.07159454278126874127
95.50000 0.07157619389266524357
95.55000 0.07155785910829361163
95.60000 0.07153953841009298709
95.65000 0.07152123178003920445
95.70000 0.07150293920012662507
95.75000 0.07148466065239529599
95.80000 0.07146639611891401900
95.85000 0.07144814558177049746
95.90000 0.07142990902310117352
95.95000 0.07141168642506712239
96.00000 0.07139347776986561256
96.05000 0.07137528303971782395
96.10000 0.07135710221688480737
96.15000 0.07133893528365725656
96.20000 0.07132078222235326004
96.25000 0.07130264301532623916
96.30000 0.07128451764496074317
96.35000 0.07126640609366943768
96.40000 0.07124830834390304124
96.45000 0.07123022437813313068
96.50000 0.07121215417887628851
96.55000 0.07119409772866276687
96.60000 0.07117605501007152891
96.65000 0.07115802600570410308
96.70000 0.07114001069818857992
96.75000 0.07112200907019106122
96.80000 0.07110402110440465495
96.85000 0.07108604678355329165
96.90000 0.07106808609039481917
96.95000 0.07105013900771069146
97.00000 0.07103220551832324647
97.05000 0.07101428560507118404
97.10000 0.07099637925083775170
97.15000 0.07097848643852835981
97.20000 0.07096060715108049033
97.25000 0.07094274137145949177
97.30000 0.07092488908266647574
97.35000 0.07090705026772320396
97.40000 0.07088922490969419565
97.45000 0.07087141299165736208
97.50000 0.07085361449674029699
97.55000 0.07083582940807682526
97.60000 0.07081805770885092610
97.65000 0.07080029938226815867
97.70000 0.07078255441156215688
97.75000 0.07076482277999708581
97.80000 0.07074710447086886289
97.85000 0.07072939946749995377
97.90000 0.07071170775323865065
97.95000 0.07069402931146871738
98.00000 0.07067636412560661385
98.05000 0.07065871217908105406
98.10000 0.07064107345536997651
98.15000 0.07062344793796605791
98.20000 0.07060583561039882050
98.25000 0.07058823645621821463
98.30000 0.07057065045901474154
98.35000 0.07055307760239858117
98.40000 0.07053551787000487960
98.45000 0.07051797124551022200
98.50000 0.07050043771260700032
98.55000 0.07048291725501867888
98.60000 0.07046540985651068845
98.65000 0.07044791550085950649
98.70000 0.07043043417187767885
98.75000 0.07041296585340092729
98.80000 0.07039551052930145825
98.85000 0.07037806818347074056
98.90000 0.07036063879983081581
98.95000 0.07034322236233507553
99.00000 0.07032581885496151652
99.05000 0.07030842826171557203
99.10000 0.07029105056663421947
99.15000 0.07027368575377468396
99.20000 0.07025633380723260435
99.25000 0.07023899471111676174
99.30000 0.07022166844958127596
99.35000 0.07020435500678942620
99.40000 0.07018705436694074040
99.45000 0.07016976651426556910
99.50000 0.07015249143301495460
99.55000 0.07013522910747012340
99.60000 0.07011797952193984940
99.65000 0.07010074266075591587
99.70000 0.07008351850828455076
99.75000 0.07006630704890794148
99.80000 0.07004910826704953408
99.85000 0.07003192214714479280
99.90000 0.07001474867366461186
99.95000 0.06999758783110392180
100.00000 0.06998043960398718510
