0.10000 -0.00000000000000024493
0.20000 -0.00000000000000048986
0.30000 -0.00000000000000073479
0.40000 -0.00000000000000097972
0.50000 -0.00000000000000122465
0.60000 -0.00000000000000146958
0.70000 -0.00000000000000171451
0.80000 -0.00000000000000195943
0.90000 -0.00000000000000220436
1.00000 -0.00000000000000244929
1.10000 0.00000000000000441120
1.20000 -0.00000000000000293915
1.30000 -0.00000000000001028951
1.40000 -0.00000000000000342901
1.50000 -0.00000000000001077937
1.60000 -0.00000000000000391887
1.70000 0.00000000000000294163
1.80000 -0.00000000000000440873
1.90000 -0.00000000000001175909
2.00000 -0.00000000000000489859
2.10000 -0.00000000000002645980
2.20000 0.00000000000000882241
2.30000 0.00000000000001568291
2.40000 -0.00000000000000587830
2.50000 -0.00000000000002743952
2.60000 -0.00000000000002057902
2.70000 -0.00000000000001371852
2.80000 -0.00000000000000685802
2.90000 0.00000000000002842419
3.00000 -0.00000000000002155874
3.10000 -0.00000000000001469824
3.20000 -0.00000000000000783774
3.30000 -0.00000000000002939895
3.40000 0.00000000000000588326
3.50000 -0.00000000000001567795
3.60000 -0.00000000000000881746
3.70000 -0.00000000000003037867
3.80000 -0.00000000000002351817
3.90000 0.00000000000001176404
4.00000 -0.00000000000000979717
4.10000 0.00000000000002548503
4.20000 -0.00000000000005291960
4.30000 -0.00000000000001763739
4.40000 0.00000000000001764482
4.50000 -0.00000000000000391639
4.60000 0.00000000000003136581
4.70000 -0.00000000000004703882
4.80000 -0.00000000000001175661
4.90000 0.00000000000002352560
5.00000 -0.00000000000005487903
5.10000 -0.00000000000001959682
5.20000 -0.00000000000004115804
5.30000 -0.00000000000000587583
5.40000 -0.00000000000002743704
5.50000 -0.00000000000004899825
5.60000 -0.00000000000001371604
5.70000 0.00000000000002156616
5.80000 0.00000000000005684837
5.90000 -0.00000000000002155626
6.00000 -0.00000000000004311747
6.10000 -0.00000000000000783526
6.20000 -0.00000000000002939648
6.30000 0.00000000000000588573
6.40000 -0.00000000000001567548
6.50000 0.00000000000001960673
6.60000 -0.00000000000005879790
6.70000 -0.00000000000002351569
6.80000 0.00000000000001176651
6.90000 -0.00000000000000979470
7.00000 -0.00000000000003135591
7.10000 0.00000000000000392630
7.20000 -0.00000000000001763491
7.30000 0.00000000000001764729
7.40000 -0.00000000000006075734
7.50000 -0.00000000000008231855
7.60000 -0.00000000000004703634
7.70000 -0.00000000000001175413
7.80000 0.00000000000002352807
7.90000 0.00000000000000196686
8.00000 -0.00000000000001959435
8.10000 -0.00000000000009799898
8.20000 0.00000000000005097007
8.30000 0.00000000000002940885
8.40000 -0.00000000000010583919
8.50000 -0.00000000000001371357
8.60000 -0.00000000000003527478
8.70000 -0.00000000000005683599
8.80000 0.00000000000003528964
8.90000 0.00000000000001372842
9.00000 -0.00000000000000783279
9.10000 -0.00000000000014308084
9.20000 0.00000000000006273163
9.30000 -0.00000000000007251642
9.40000 -0.00000000000009407763
9.50000 -0.00000000000011563884
9.60000 -0.00000000000002351322
9.70000 -0.00000000000004507443
9.80000 0.00000000000004705120
9.90000 0.00000000000002548998
10.00000 -0.00000000000010975806
10.10000 0.00000000000009605440
10.20000 -0.00000000000003919365
10.30000 0.00000000000005293198
10.40000 -0.00000000000008231607
10.50000 0.00000000000000980955
10.60000 -0.00000000000001175166
10.70000 0.00000000000008037397
10.80000 -0.00000000000005487408
10.90000 -0.00000000000007643529
11.00000 -0.00000000000009799650
11.10000 -0.00000000000000587088
11.20000 -0.00000000000002743209
11.30000 -0.00000000000004899330
11.40000 0.00000000000004313233
11.50000 -0.00000000000009211572
11.60000 0.00000000000011369674
11.70000 -0.00000000000002155131
11.80000 -0.00000000000004311252
11.90000 -0.00000000000006467373
12.00000 -0.00000000000008623494
12.10000 0.00000000000000589068
12.20000 -0.00000000000001567053
12.30000 0.00000000000007645510
12.40000 -0.00000000000005879295
12.50000 -0.00000000000008035416
12.60000 0.00000000000001177146
12.70000 -0.00000000000000978975
12.80000 -0.00000000000003135096
12.90000 -0.00000000000005291217
13.00000 0.00000000000003921346
13.10000 0.00000000000001765225
13.20000 -0.00000000000011759580
13.30000 -0.00000000000002547018
13.40000 -0.00000000000004703139
13.50000 -0.00000000000006859260
13.60000 0.00000000000002353303
13.70000 0.00000000000000197181
13.80000 -0.00000000000001958940
13.90000 -0.00000000000015483745
14.00000 -0.00000000000006271182
14.10000 -0.00000000000008427303
14.20000 0.00000000000000785260
14.30000 -0.00000000000001370862
14.40000 -0.00000000000003526983
14.50000 -0.00000000000005683104
14.60000 0.00000000000003529459
14.70000 0.00000000000001373338
14.80000 -0.00000000000012151467
14.90000 -0.00000000000002938905
15.00000 -0.00000000000016463710
15.10000 0.00000000000004117537
15.20000 -0.00000000000009407268
15.30000 -0.00000000000000194706
15.40000 -0.00000000000002350827
15.50000 -0.00000000000015875632
15.60000 0.00000000000004705615
15.70000 -0.00000000000008819190
15.80000 0.00000000000000393373
15.90000 -0.00000000000013131432
16.00000 -0.00000000000003918870
16.10000 -0.00000000000006074991
16.20000 -0.00000000000019599796
16.30000 -0.00000000000010387233
16.40000 0.00000000000010194013
16.50000 -0.00000000000014699475
16.60000 0.00000000000005881771
16.70000 -0.00000000000019011718
16.80000 -0.00000000000021167839
16.90000 -0.00000000000000586593
17.00000 -0.00000000000002742714
17.10000 -0.00000000000004898835
17.20000 -0.00000000000007054956
17.30000 -0.00000000000009211077
17.40000 -0.00000000000011367198
17.50000 -0.00000000000013523319
17.60000 0.00000000000007057927
17.70000 -0.00000000000017835562
17.80000 0.00000000000002745685
17.90000 0.00000000000000589564
18.00000 -0.00000000000001566558
18.10000 -0.00000000000003722679
18.20000 -0.00000000000028616167
18.30000 -0.00000000000008034921
18.40000 0.00000000000012546325
18.50000 -0.00000000000012347163
18.60000 -0.00000000000014503284
18.70000 -0.00000000000016659406
18.80000 -0.00000000000018815527
18.90000 0.00000000000001765720
19.00000 -0.00000000000023127769
19.10000 -0.00000000000002546523
19.20000 -0.00000000000004702644
19.30000 -0.00000000000006858765
19.40000 -0.00000000000009014886
19.50000 -0.00000000000011171007
19.60000 0.00000000000009410239
19.70000 0.00000000000007254118
19.80000 0.00000000000005097997
19.90000 0.00000000000002941876
20.00000 -0.00000000000021951613
20.10000 -0.00000000000001370366
20.20000 0.00000000000019210880
20.30000 -0.00000000000005682609
20.40000 -0.00000000000007838730
20.50000 -0.00000000000032732219
20.60000 0.00000000000010586395
20.70000 0.00000000000008430274
20.80000 -0.00000000000016463214
20.90000 -0.00000000000018619336
21.00000 0.00000000000001961911
21.10000 -0.00000000000000194210
21.20000 -0.00000000000002350331
21.30000 -0.00000000000004506453
21.40000 0.00000000000016074794
21.50000 -0.00000000000008818695
21.60000 -0.00000000000010974816
21.70000 0.00000000000009606430
21.80000 -0.00000000000015287058
21.90000 0.00000000000005294188
22.00000 -0.00000000000019599301
22.10000 0.00000000000000981946
22.20000 -0.00000000000001174175
22.30000 -0.00000000000026067664
22.40000 -0.00000000000005486418
22.50000 -0.00000000000007642539
22.60000 -0.00000000000009798660
22.70000 -0.00000000000011954781
22.80000 0.00000000000008626465
22.90000 0.00000000000006470344
23.00000 -0.00000000000018423145
23.10000 -0.00000000000020579266
23.20000 0.00000000000022739348
23.30000 -0.00000000000002154140
23.40000 -0.00000000000004310262
23.50000 -0.00000000000006466383
23.60000 -0.00000000000008622504
23.70000 0.00000000000011958743
23.80000 -0.00000000000012934746
23.90000 0.00000000000007646500
24.00000 -0.00000000000017246988
24.10000 -0.00000000000019403110
24.20000 0.00000000000001178137
24.30000 -0.00000000000000977984
24.40000 -0.00000000000003134105
24.50000 -0.00000000000028027594
24.60000 0.00000000000015291020
24.70000 0.00000000000013134899
24.80000 -0.00000000000011758590
24.90000 -0.00000000000013914711
25.00000 -0.00000000000016070832
25.10000 0.00000000000004510414
25.20000 0.00000000000002354293
25.30000 0.00000000000000198172
25.40000 -0.00000000000001957949
25.50000 -0.00000000000026851438
25.60000 -0.00000000000006270192
25.70000 0.00000000000014311055
25.80000 -0.00000000000010582434
25.90000 -0.00000000000012738555
26.00000 0.00000000000007842691
26.10000 0.00000000000005686570
26.20000 0.00000000000003530449
26.30000 -0.00000000000021363040
26.40000 -0.00000000000023519161
26.50000 -0.00000000000002937914
26.60000 -0.00000000000005094035
26.70000 -0.00000000000007250157
26.80000 -0.00000000000009406278
26.90000 0.00000000000011174969
27.00000 -0.00000000000013718520
27.10000 -0.00000000000015874641
27.20000 0.00000000000004706605
27.30000 -0.00000000000020186884
27.40000 0.00000000000000394363
27.50000 -0.00000000000001761758
27.60000 -0.00000000000003917879
27.70000 -0.00000000000006074001
27.80000 -0.00000000000030967489
27.90000 0.00000000000012351125
28.00000 -0.00000000000012542364
28.10000 -0.00000000000014698485
28.20000 -0.00000000000016854606
28.30000 0.00000000000003726640
28.40000 0.00000000000001570519
28.50000 -0.00000000000023322970
28.60000 -0.00000000000002741723
28.70000 0.00000000000017839523
28.80000 -0.00000000000007053966
28.90000 -0.00000000000009210087
29.00000 -0.00000000000011366208
29.10000 -0.00000000000013522329
29.20000 0.00000000000007058917
29.30000 0.00000000000004902796
29.40000 0.00000000000002746675
29.50000 -0.00000000000022146814
29.60000 -0.00000000000024302935
29.70000 0.00000000000019015679
29.80000 -0.00000000000005877809
29.90000 -0.00000000000008033931
30.00000 -0.00000000000032927419
30.10000 0.00000000000010391195
30.20000 0.00000000000008235074
30.30000 -0.00000000000016658415
30.40000 -0.00000000000018814536
30.50000 -0.00000000000020970657
30.60000 -0.00000000000000389411
30.70000 -0.00000000000002545532
30.80000 -0.00000000000004701653
30.90000 -0.00000000000006857774
31.00000 -0.00000000000031751263
31.10000 -0.00000000000011170017
31.20000 0.00000000000009411230
31.30000 -0.00000000000015482259
31.40000 -0.00000000000017638380
31.50000 0.00000000000002942866
31.60000 0.00000000000000786745
31.70000 -0.00000000000001369376
31.80000 -0.00000000000026262865
31.90000 0.00000000000017055749
32.00000 -0.00000000000007837740
32.10000 -0.00000000000009993861
32.20000 -0.00000000000012149982
32.30000 0.00000000000031168632
32.40000 -0.00000000000039199592
32.50000 -0.00000000000018618345
32.60000 -0.00000000000020774466
32.70000 -0.00000000000000193220
32.80000 0.00000000000020388026
32.90000 -0.00000000000004505462
33.00000 -0.00000000000029398951
33.10000 -0.00000000000008817705
33.20000 0.00000000000011763542
33.30000 -0.00000000000013129947
33.40000 -0.00000000000038023436
33.50000 -0.00000000000017442189
33.60000 -0.00000000000042335678
33.70000 0.00000000000023720304
33.80000 -0.00000000000001173185
33.90000 -0.00000000000026066674
34.00000 -0.00000000000005485427
34.10000 0.00000000000015095819
34.20000 -0.00000000000009797670
34.30000 0.00000000000010783577
34.40000 -0.00000000000014109912
34.50000 -0.00000000000039003401
34.60000 -0.00000000000018422154
34.70000 0.00000000000002159092
34.80000 -0.00000000000022734396
34.90000 -0.00000000000047627885
35.00000 -0.00000000000027046639
35.10000 -0.00000000000006465392
35.20000 0.00000000000014115854
35.30000 -0.00000000000010777635
35.40000 -0.00000000000035671123
35.50000 -0.00000000000015089877
35.60000 0.00000000000005491370
35.70000 -0.00000000000019402119
35.80000 0.00000000000001179127
35.90000 -0.00000000000023714361
36.00000 -0.00000000000003133115
36.10000 -0.00000000000028026604
36.20000 -0.00000000000007445357
36.30000 0.00000000000013135889
36.40000 -0.00000000000057232335
36.50000 -0.00000000000036651088
36.60000 -0.00000000000016069842
36.70000 0.00000000000004511404
36.80000 0.00000000000025092651
36.90000 0.00000000000000199162
37.00000 -0.00000000000024694327
37.10000 -0.00000000000004113080
37.20000 -0.00000000000029006569
37.30000 -0.00000000000008425322
37.40000 -0.00000000000033318811
37.50000 -0.00000000000012737565
37.60000 -0.00000000000037631053
37.70000 0.00000000000028424928
37.80000 0.00000000000003531439
37.90000 -0.00000000000021362049
38.00000 -0.00000000000046255538
38.10000 -0.00000000000025674292
38.20000 -0.00000000000005093045
38.30000 0.00000000000015488201
38.40000 -0.00000000000009405287
38.50000 -0.00000000000034298776
38.60000 -0.00000000000013717530
38.70000 0.00000000000006863717
38.80000 -0.00000000000018029772
38.90000 0.00000000000002551474
39.00000 -0.00000000000022342014
39.10000 -0.00000000000047235503
39.20000 0.00000000000018820479
39.30000 -0.00000000000006073010
39.40000 0.00000000000014508236
39.50000 -0.00000000000010385252
39.60000 0.00000000000010195994
39.70000 -0.00000000000014697495
39.80000 0.00000000000005883752
39.90000 -0.00000000000019009737
40.00000 -0.00000000000043903226
40.10000 -0.00000000000023321979
40.20000 -0.00000000000002740733
40.30000 0.00000000000017840513
40.40000 0.00000000000038421760
40.50000 -0.00000000000031946464
40.60000 -0.00000000000011365217
40.70000 0.00000000000009216029
40.80000 -0.00000000000015677460
40.90000 0.00000000000050378522
41.00000 -0.00000000000065464437
41.10000 0.00000000000000591544
41.20000 0.00000000000021172791
41.30000 -0.00000000000003720698
41.40000 0.00000000000016860548
41.50000 -0.00000000000008032940
41.60000 -0.00000000000032926429
41.70000 -0.00000000000012345183
41.80000 -0.00000000000037238671
41.90000 0.00000000000028817310
42.00000 0.00000000000003923822
42.10000 -0.00000000000020969667
42.20000 -0.00000000000000388421
42.30000 0.00000000000020192826
42.40000 -0.00000000000004700663
42.50000 -0.00000000000029594152
42.60000 -0.00000000000009012905
42.70000 -0.00000000000033906394
42.80000 0.00000000000032149588
42.90000 0.00000000000007256099
43.00000 -0.00000000000017637390
43.10000 0.00000000000002943857
43.20000 -0.00000000000021949632
43.30000 -0.00000000000001368386
43.40000 0.00000000000019212861
43.50000 -0.00000000000051155363
43.60000 -0.00000000000030574117
43.70000 0.00000000000035481865
43.80000 0.00000000000010588376
43.90000 0.00000000000031169623
44.00000 -0.00000000000039198601
44.10000 -0.00000000000018617355
44.20000 0.00000000000001963892
44.30000 -0.00000000000022929597
44.40000 -0.00000000000002348351
44.50000 -0.00000000000027241839
44.60000 -0.00000000000052135328
44.70000 0.00000000000013920653
44.80000 -0.00000000000010972835
44.90000 0.00000000000009608411
45.00000 -0.00000000000015285078
45.10000 -0.00000000000040178566
45.20000 -0.00000000000019597320
45.30000 0.00000000000000983927
45.40000 -0.00000000000023909562
45.50000 -0.00000000000048803051
45.60000 0.00000000000017252931
45.70000 -0.00000000000007640558
45.80000 0.00000000000012940688
45.90000 -0.00000000000011952800
46.00000 -0.00000000000036846289
46.10000 -0.00000000000016265043
46.20000 -0.00000000000041158531
46.30000 -0.00000000000020577285
46.40000 0.00000000000045478697
46.50000 -0.00000000000070364262
46.60000 -0.00000000000004308281
46.70000 0.00000000000016272966
46.80000 -0.00000000000008620523
46.90000 0.00000000000011960723
47.00000 -0.00000000000012932765
47.10000 -0.00000000000037826254
47.20000 -0.00000000000017245008
47.30000 -0.00000000000042138496
47.40000 0.00000000000023917485
47.50000 -0.00000000000000976004
47.60000 -0.00000000000025869492
47.70000 -0.00000000000005288246
47.80000 0.00000000000015293001
47.90000 -0.00000000000009600488
48.00000 -0.00000000000034493977
48.10000 -0.00000000000013912730
48.20000 -0.00000000000038806219
48.30000 0.00000000000027249762
48.40000 0.00000000000002356274
48.50000 -0.00000000000022537215
48.60000 -0.00000000000001955969
48.70000 -0.00000000000026849457
48.80000 -0.00000000000006268211
48.90000 0.00000000000014313036
49.00000 -0.00000000000056055188
49.10000 -0.00000000000035473942
49.20000 0.00000000000030582040
49.30000 0.00000000000005688551
49.40000 0.00000000000026269797
49.50000 0.00000000000001376309
49.60000 -0.00000000000023517180
49.70000 -0.00000000000002935934
49.80000 -0.00000000000027829422
49.90000 -0.00000000000007248176
50.00000 -0.00000000000032141665
50.10000 -0.00000000000057035153
50.20000 0.00000000000009020828
50.30000 0.00000000000029602075
50.40000 0.00000000000004708586
50.50000 -0.00000000000020184903
50.60000 0.00000000000000396344
50.70000 -0.00000000000024497145
50.80000 -0.00000000000003915899
50.90000 -0.00000000000028809387
51.00000 -0.00000000000053702876
51.10000 0.00000000000012353105
51.20000 -0.00000000000012540383
51.30000 0.00000000000008040863
51.40000 0.00000000000028622110
51.50000 -0.00000000000041746114
51.60000 -0.00000000000021164868
51.70000 -0.00000000000000583621
51.80000 -0.00000000000025477110
51.90000 0.00000000000040578871
52.00000 0.00000000000015685383
52.10000 -0.00000000000009208106
52.20000 0.00000000000011373140
52.30000 -0.00000000000013520348
52.40000 0.00000000000007060898
52.50000 -0.00000000000017832591
52.60000 -0.00000000000042726079
52.70000 -0.00000000000022144833
52.80000 -0.00000000000047038322
52.90000 0.00000000000019017660
53.00000 -0.00000000000005875829
53.10000 -0.00000000000030769317
53.20000 -0.00000000000010188071
53.30000 0.00000000000010393175
53.40000 -0.00000000000014500313
53.50000 -0.00000000000039393802
53.60000 -0.00000000000018812556
53.70000 -0.00000000000043706044
53.80000 0.00000000000022349937
53.90000 -0.00000000000002543551
54.00000 -0.00000000000027437040
54.10000 -0.00000000000006855794
54.20000 -0.00000000000031749282
54.30000 -0.00000000000011168036
54.40000 0.00000000000009413210
54.50000 -0.00000000000060955013
54.60000 -0.00000000000040373767
54.70000 0.00000000000025682214
54.80000 0.00000000000000788726
54.90000 0.00000000000021369972
55.00000 -0.00000000000003523516
55.10000 -0.00000000000028417005
55.20000 -0.00000000000007835759
55.30000 -0.00000000000032729247
55.40000 -0.00000000000012148001
55.50000 -0.00000000000037041490
55.60000 -0.00000000000061934978
55.70000 0.00000000000004121003
55.80000 0.00000000000024702249
55.90000 -0.00000000000000191239
56.00000 -0.00000000000025084728
56.10000 -0.00000000000004503482
56.20000 -0.00000000000029396970
56.30000 -0.00000000000008815724
56.40000 -0.00000000000033709212
56.50000 -0.00000000000058602701
56.60000 0.00000000000007453280
56.70000 -0.00000000000017440208
56.80000 0.00000000000003141038
56.90000 0.00000000000023722284
57.00000 -0.00000000000046645939
57.10000 -0.00000000000026064693
57.20000 -0.00000000000005483447
57.30000 -0.00000000000030376935
57.40000 0.00000000000035679046
57.50000 0.00000000000010785558
57.60000 -0.00000000000014107931
57.70000 0.00000000000006473315
57.80000 -0.00000000000018420173
57.90000 0.00000000000002161073
58.00000 -0.00000000000022732416
58.10000 -0.00000000000047625904
58.20000 -0.00000000000027044658
58.30000 0.00000000000039011324
58.40000 0.00000000000014117835
58.50000 -0.00000000000010775654
58.60000 0.00000000000009805593
58.70000 -0.00000000000015087896
58.80000 0.00000000000005493350
58.90000 -0.00000000000019400138
59.00000 -0.00000000000044293627
59.10000 -0.00000000000023712381
59.20000 -0.00000000000048605869
59.30000 0.00000000000017450112
59.40000 0.00000000000038031358
59.50000 -0.00000000000032336865
59.60000 -0.00000000000011755619
59.70000 0.00000000000008825627
59.80000 -0.00000000000016067861
59.90000 0.00000000000004513385
60.00000 -0.00000000000065854839
60.10000 -0.00000000000045273592
60.20000 0.00000000000020782389
60.30000 -0.00000000000004111099
60.40000 0.00000000000016470147
60.50000 -0.00000000000008423342
60.60000 -0.00000000000033316830
60.70000 -0.00000000000012735584
60.80000 -0.00000000000037629073
60.90000 -0.00000000000017047826
61.00000 -0.00000000000041941315
61.10000 -0.00000000000066834804
61.20000 -0.00000000000000778822
61.30000 0.00000000000019802424
61.40000 -0.00000000000005091064
61.50000 -0.00000000000029984553
61.60000 -0.00000000000009403307
61.70000 -0.00000000000034296795
61.80000 -0.00000000000013715549
61.90000 -0.00000000000038609038
62.00000 -0.00000000000063502526
62.10000 0.00000000000002553455
62.20000 -0.00000000000022340034
62.30000 -0.00000000000001758787
62.40000 0.00000000000018822459
62.50000 -0.00000000000051545765
62.60000 -0.00000000000030964518
62.70000 -0.00000000000010383272
62.80000 -0.00000000000035276760
62.90000 0.00000000000030779221
63.00000 0.00000000000005885732
63.10000 -0.00000000000019007756
63.20000 0.00000000000001573490
63.30000 -0.00000000000023319999
63.40000 -0.00000000000002738752
63.50000 -0.00000000000027632241
63.60000 -0.00000000000052525730
63.70000 -0.00000000000031944483
63.80000 0.00000000000034111498
63.90000 0.00000000000009218010
64.00000 -0.00000000000015675479
64.10000 0.00000000000004905767
64.20000 -0.00000000000019987721
64.30000 -0.00000000000044881210
64.40000 -0.00000000000024299964
64.50000 -0.00000000000049193452
64.60000 0.00000000000062337264
64.70000 -0.00000000000053505695
64.80000 -0.00000000000078399183
64.90000 0.00000000000033131533
65.00000 -0.00000000000037236690
65.10000 0.00000000000028819291
65.20000 -0.00000000000041548933
65.30000 -0.00000000000066442421
65.40000 -0.00000000000000386440
65.50000 -0.00000000000025279929
65.60000 0.00000000000040776053
65.70000 0.00000000000015882564
65.80000 -0.00000000000009010925
65.90000 -0.00000000000033904413
66.00000 -0.00000000000058797902
66.10000 0.00000000000007258080
66.20000 -0.00000000000017635409
66.30000 -0.00000000000042528898
66.40000 0.00000000000023527084
66.50000 -0.00000000000001366405
66.60000 -0.00000000000026259894
66.70000 -0.00000000000051153382
66.80000 -0.00000000000076046871
66.90000 -0.00000000000009990890
67.00000 -0.00000000000034884378
67.10000 0.00000000000031171603
67.20000 -0.00000000000084671356
67.30000 -0.00000000000109564844
67.40000 0.00000000000047440607
67.50000 -0.00000000000068402351
67.60000 -0.00000000000002346370
67.70000 -0.00000000000027239859
67.80000 -0.00000000000052133347
67.90000 0.00000000000013922634
68.00000 -0.00000000000010970855
68.10000 0.00000000000055085127
68.20000 0.00000000000030191638
68.30000 -0.00000000000085651321
68.40000 -0.00000000000019595339
68.50000 -0.00000000000044488828
68.60000 0.00000000000021567154
68.70000 -0.00000000000003326335
68.80000 -0.00000000000028219824
68.90000 -0.00000000000053113312
69.00000 -0.00000000000078006801
69.10000 -0.00000000000011950820
69.20000 -0.00000000000036844308
69.30000 -0.00000000000061737797
69.40000 0.00000000000004318185
69.50000 -0.00000000000020575304
69.60000 -0.00000000000045468793
69.70000 -0.00000000000070362282
69.80000 -0.00000000000095255770
69.90000 -0.00000000000029199789
70.00000 -0.00000000000054093277
70.10000 0.00000000000011962704
70.20000 -0.00000000000012930785
70.30000 -0.00000000000037824273
70.40000 0.00000000000028231708
70.50000 -0.00000000000087611251
70.60000 -0.00000000000021555269
70.70000 -0.00000000000046448758
70.80000 -0.00000000000071342247
70.90000 -0.00000000000005286265
71.00000 -0.00000000000030179754
71.10000 0.00000000000035876228
71.20000 0.00000000000010982739
71.30000 -0.00000000000013910750
71.40000 -0.00000000000038804238
71.50000 -0.00000000000063697727
71.60000 0.00000000000002358254
71.70000 -0.00000000000022535234
71.80000 -0.00000000000047428723
71.90000 0.00000000000018627259
72.00000 -0.00000000000006266230
72.10000 -0.00000000000031159719
72.20000 -0.00000000000056053208
72.30000 -0.00000000000080946696
72.40000 -0.00000000000014890715
72.50000 -0.00000000000039784203
72.60000 0.00000000000026271778
72.70000 -0.00000000000089571181
72.80000 -0.00000000000114464669
72.90000 0.00000000000042540782
73.00000 -0.00000000000073302177
73.10000 -0.00000000000007246195
73.20000 -0.00000000000032139684
73.30000 -0.00000000000057033173
73.40000 0.00000000000009022809
73.50000 -0.00000000000015870680
73.60000 0.00000000000050185302
73.70000 0.00000000000025291813
73.80000 0.00000000000000398324
73.90000 -0.00000000000024495164
74.00000 -0.00000000000049388653
74.10000 0.00000000000016667328
74.20000 -0.00000000000008226160
74.30000 -0.00000000000033119649
74.40000 -0.00000000000058013138
74.50000 -0.00000000000082906626
74.60000 -0.00000000000016850645
74.70000 -0.00000000000041744133
74.80000 -0.00000000000066637622
74.90000 -0.00000000000000581641
75.00000 -0.00000000000025475129
75.10000 0.00000000000040580852
75.20000 -0.00000000000075262107
75.30000 -0.00000000000100155595
75.40000 0.00000000000056849856
75.50000 -0.00000000000058993103
75.60000 0.00000000000007062879
75.70000 -0.00000000000017830610
75.80000 -0.00000000000042724098
75.90000 0.00000000000023331883
76.00000 -0.00000000000092511076
76.10000 -0.00000000000026455094
76.20000 -0.00000000000051348583
76.30000 -0.00000000000076242072
76.40000 -0.00000000000010186090
76.50000 -0.00000000000035079579
76.60000 0.00000000000030976403
76.70000 0.00000000000006082914
76.80000 -0.00000000000018810575
76.90000 -0.00000000000043704064
77.00000 -0.00000000000068597552
77.10000 -0.00000000000002541571
77.20000 -0.00000000000027435059
77.30000 0.00000000000038620922
77.40000 0.00000000000013727433
77.50000 -0.00000000000011166055
77.60000 -0.00000000000036059544
77.70000 -0.00000000000060953033
77.80000 0.00000000000005102949
77.90000 -0.00000000000019790540
78.00000 -0.00000000000044684029
78.10000 0.00000000000021371953
78.20000 -0.00000000000094471006
78.30000 0.00000000000062534446
78.40000 0.00000000000037640957
78.50000 -0.00000000000078202002
78.60000 -0.00000000000012146020
78.70000 -0.00000000000037039509
78.80000 0.00000000000029016472
78.90000 0.00000000000004122984
79.00000 -0.00000000000020770505
79.10000 0.00000000000045285477
79.20000 0.00000000000020391988
79.30000 -0.00000000000004501501
79.40000 -0.00000000000029394989
79.50000 -0.00000000000054288478
79.60000 0.00000000000011767503
79.70000 -0.00000000000013125985
79.80000 -0.00000000000038019474
79.90000 -0.00000000000062912963
80.00000 -0.00000000000087806451
80.10000 -0.00000000000021750470
80.20000 -0.00000000000046643959
80.30000 0.00000000000019412023
80.40000 -0.00000000000005481466
80.50000 -0.00000000000030374955
80.60000 0.00000000000035681027
80.70000 -0.00000000000080161932
80.80000 0.00000000000076843520
80.90000 0.00000000000051950031
81.00000 -0.00000000000063892928
81.10000 0.00000000000002163054
81.20000 -0.00000000000022730435
81.30000 0.00000000000043325547
81.40000 0.00000000000018432058
81.50000 -0.00000000000097410901
81.60000 -0.00000000000031354920
81.70000 -0.00000000000056248408
81.80000 0.00000000000100757043
81.90000 -0.00000000000106035386
82.00000 -0.00000000000130928874
82.10000 0.00000000000026076577
82.20000 0.00000000000001183089
82.30000 0.00000000000067239070
82.40000 0.00000000000042345581
82.50000 -0.00000000000073497377
82.60000 -0.00000000000007441396
82.70000 -0.00000000000032334885
82.80000 0.00000000000033721097
82.90000 0.00000000000008827608
83.00000 -0.00000000000016065880
83.10000 -0.00000000000040959369
83.20000 -0.00000000000065852858
83.30000 0.00000000000000203124
83.40000 -0.00000000000024690365
83.50000 -0.00000000000049583854
83.60000 -0.00000000000074477342
83.70000 -0.00000000000099370831
83.80000 0.00000000000057634621
83.90000 0.00000000000032741132
84.00000 0.00000000000007847643
84.10000 -0.00000000000017045845
84.20000 -0.00000000000041939334
84.30000 0.00000000000024116647
84.40000 -0.00000000000000776841
84.50000 -0.00000000000025670330
84.60000 0.00000000000040385651
84.70000 -0.00000000000075457307
84.80000 -0.00000000000009401326
84.90000 -0.00000000000034294815
85.00000 -0.00000000000059188303
85.10000 0.00000000000006867678
85.20000 -0.00000000000018025811
85.30000 -0.00000000000042919299
85.40000 -0.00000000000067812788
85.50000 -0.00000000000092706277
85.60000 0.00000000000064299175
85.70000 0.00000000000039405686
85.80000 0.00000000000014512198
85.90000 -0.00000000000010381291
86.00000 -0.00000000000035274780
86.10000 0.00000000000030781202
86.20000 0.00000000000005887713
86.30000 -0.00000000000019005776
86.40000 -0.00000000000043899264
86.50000 -0.00000000000068792753
86.60000 -0.00000000000002736771
86.70000 -0.00000000000027630260
86.80000 0.00000000000038425721
86.90000 -0.00000000000077417237
87.00000 -0.00000000000102310726
87.10000 -0.00000000000036254745
87.20000 -0.00000000000061148233
87.30000 0.00000000000095857218
87.40000 0.00000000000070963730
87.50000 -0.00000000000135828699
87.60000 0.00000000000021176752
87.70000 -0.00000000000003716736
87.80000 0.00000000000062339245
87.90000 0.00000000000037445756
88.00000 -0.00000000000078397203
88.10000 -0.00000000000012341221
88.20000 -0.00000000000037234710
88.30000 0.00000000000028821272
88.40000 0.00000000000003927783
88.50000 -0.00000000000020965706
88.60000 -0.00000000000045859194
88.70000 -0.00000000000070752683
88.80000 -0.00000000000004696701
88.90000 -0.00000000000029590190
89.00000 -0.00000000000054483679
89.10000 -0.00000000000079377168
89.20000 -0.00000000000104270656
89.30000 0.00000000000052734795
89.40000 0.00000000000027841307
89.50000 0.00000000000002947818
89.60000 -0.00000000000021945671
89.70000 -0.00000000000046839159
89.80000 0.00000000000019216822
89.90000 -0.00000000000005676667
90.00000 -0.00000000000030570155
90.10000 0.00000000000035485826
90.20000 -0.00000000000080357133
90.30000 -0.00000000000014301151
90.40000 -0.00000000000039194640
90.50000 -0.00000000000064088128
90.60000 0.00000000000001967853
90.70000 -0.00000000000022925636
90.80000 -0.00000000000047819124
90.90000 -0.00000000000072712613
91.00000 -0.00000000000097606102
91.10000 0.00000000000059399350
91.20000 0.00000000000034505861
91.30000 0.00000000000009612373
91.40000 -0.00000000000015281116
91.50000 -0.00000000000040174605
91.60000 0.00000000000025881377
91.70000 0.00000000000000987888
91.80000 -0.00000000000023905601
91.90000 -0.00000000000048799089
92.00000 -0.00000000000073692578
92.10000 -0.00000000000007636597
92.20000 -0.00000000000032530085
92.30000 0.00000000000033525896
92.40000 -0.00000000000082317063
92.50000 -0.00000000000107210551
92.60000 -0.00000000000041154570
92.70000 -0.00000000000066048059
92.80000 0.00000000000090957393
92.90000 0.00000000000066063904
93.00000 -0.00000000000140728525
93.10000 0.00000000000016276927
93.20000 -0.00000000000008616562
93.30000 0.00000000000057439420
93.40000 0.00000000000032545931
93.50000 0.00000000000007652442
93.60000 -0.00000000000017241046
93.70000 -0.00000000000042134535
93.80000 0.00000000000023921447
93.90000 -0.00000000000000972042
94.00000 -0.00000000000025865531
94.10000 -0.00000000000050759019
94.20000 -0.00000000000075652508
94.30000 -0.00000000000009596527
94.40000 -0.00000000000034490015
94.50000 -0.00000000000059383504
94.60000 -0.00000000000084276993
94.70000 -0.00000000000109170481
94.80000 0.00000000000047834970
94.90000 0.00000000000022941482
95.00000 -0.00000000000001952007
95.10000 0.00000000000064103974
95.20000 -0.00000000000051738984
95.30000 0.00000000000014316997
95.40000 -0.00000000000010576492
95.50000 -0.00000000000035469980
95.60000 0.00000000000030586001
95.70000 0.00000000000005692512
95.80000 -0.00000000000019200976
95.90000 -0.00000000000044094465
96.00000 -0.00000000000068987954
96.10000 -0.00000000000002931972
96.20000 -0.00000000000027825461
96.30000 -0.00000000000052718950
96.40000 -0.00000000000077612438
96.50000 -0.00000000000102505927
96.60000 0.00000000000054499525
96.70000 0.00000000000029606036
96.80000 0.00000000000004712547
96.90000 -0.00000000000020180941
97.00000 -0.00000000000045074430
97.10000 0.00000000000020981552
97.20000 -0.00000000000003911937
97.30000 -0.00000000000028805426
97.40000 -0.00000000000053698915
97.50000 -0.00000000000078592403
97.60000 -0.00000000000012536422
97.70000 -0.00000000000037429910
97.80000 0.00000000000028626071
97.90000 -0.00000000000087216888
98.00000 -0.00000000000112110376
98.10000 -0.00000000000046054395
98.20000 -0.00000000000070947884
98.30000 0.00000000000086057568
98.40000 0.00000000000061164079
98.50000 -0.00000000000145628350
98.60000 0.00000000000011377102
98.70000 -0.00000000000013516387
98.80000 0.00000000000052539595
98.90000 0.00000000000027646106
99.00000 0.00000000000002752617
99.10000 -0.00000000000022140871
99.20000 -0.00000000000047034360
99.30000 0.00000000000019021621
99.40000 -0.00000000000005871867
99.50000 -0.00000000000030765356
99.60000 -0.00000000000055658845
99.70000 -0.00000000000080552333
99.80000 -0.00000000000014496352
99.90000 -0.00000000000039389840
100.00000 -0.00000000000064283329
