0.05000 0.00000000000000012246
0.10000 -0.00000000000000024493
0.15000 0.00000000000000036739
0.20000 -0.00000000000000048986
0.25000 0.00000000000000061232
0.30000 -0.00000000000000073479
0.35000 0.00000000000000085725
0.40000 -0.00000000000000097972
0.45000 0.00000000000000110218
0.50000 -0.00000000000000122465
0.55000 -0.00000000000000220560
0.60000 -0.00000000000000146958
0.65000 0.00000000000000514475
0.70000 -0.00000000000000171451
0.75000 0.00000000000000538968
0.80000 -0.00000000000000195943
0.85000 -0.00000000000000147081
0.90000 -0.00000000000000220436
0.95000 0.00000000000000587954
1.00000 -0.00000000000000244929
1.05000 0.00000000000001322990
1.10000 0.00000000000000441120
1.15000 -0.00000000000000784145
1.20000 -0.00000000000000293915
1.25000 0.00000000000001371976
1.30000 -0.00000000000001028951
1.35000 0.00000000000000685926
1.40000 -0.00000000000000342901
1.45000 -0.00000000000001421209
1.50000 -0.00000000000001077937
1.55000 0.00000000000000734912
1.60000 -0.00000000000000391887
1.65000 0.00000000000001469948
1.70000 0.00000000000000294163
1.75000 0.00000000000000783898
1.80000 -0.00000000000000440873
1.85000 0.00000000000001518933
1.90000 -0.00000000000001175909
1.95000 -0.00000000000000588202
2.00000 -0.00000000000000489859
2.05000 -0.00000000000001274252
2.10000 -0.00000000000002645980
2.15000 0.00000000000000881869
2.20000 0.00000000000000882241
2.25000 0.00000000000000195820
2.30000 0.00000000000001568291
2.35000 0.00000000000002351941
2.40000 -0.00000000000000587830
2.45000 -0.00000000000001176280
2.50000 -0.00000000000002743952
2.55000 0.00000000000000979841
2.60000 -0.00000000000002057902
2.65000 0.00000000000000293791
2.70000 -0.00000000000001371852
2.75000 0.00000000000002449913
2.80000 -0.00000000000000685802
2.85000 -0.00000000000001078308
2.90000 0.00000000000002842419
2.95000 0.00000000000001077813
3.00000 -0.00000000000002155874
3.05000 0.00000000000000391763
3.10000 -0.00000000000001469824
3.15000 -0.00000000000000294287
3.20000 -0.00000000000000783774
3.25000 -0.00000000000000980336
3.30000 -0.00000000000002939895
3.35000 0.00000000000001175785
3.40000 0.00000000000000588326
3.45000 0.00000000000000489735
3.50000 -0.00000000000001567795
3.55000 -0.00000000000000196315
3.60000 -0.00000000000000881746
3.65000 -0.00000000000000882365
3.70000 -0.00000000000003037867
3.75000 0.00000000000004115927
3.80000 -0.00000000000002351817
3.85000 0.00000000000000587707
3.90000 0.00000000000001176404
3.95000 -0.00000000000000098343
4.00000 -0.00000000000000979717
4.05000 0.00000000000004899949
4.10000 0.00000000000002548503
4.15000 -0.00000000000001470443
4.20000 -0.00000000000005291960
4.25000 0.00000000000000685678
4.30000 -0.00000000000001763739
4.35000 0.00000000000002841800
4.40000 0.00000000000001764482
4.45000 -0.00000000000000686421
4.50000 -0.00000000000000391639
4.55000 0.00000000000007154042
4.60000 0.00000000000003136581
4.65000 0.00000000000003625821
4.70000 -0.00000000000004703882
4.75000 0.00000000000005781942
4.80000 -0.00000000000001175661
4.85000 0.00000000000002253721
4.90000 0.00000000000002352560
4.95000 -0.00000000000001274499
5.00000 -0.00000000000005487903
5.05000 -0.00000000000004802720
5.10000 -0.00000000000001959682
5.15000 -0.00000000000002646599
5.20000 -0.00000000000004115804
5.25000 -0.00000000000000490478
5.30000 -0.00000000000000587583
5.35000 -0.00000000000004018698
5.40000 -0.00000000000002743704
5.45000 0.00000000000003821765
5.50000 -0.00000000000004899825
5.55000 0.00000000000000293544
5.60000 -0.00000000000001371604
5.65000 0.00000000000002449665
5.70000 0.00000000000002156616
5.75000 0.00000000000004605786
5.80000 0.00000000000005684837
5.85000 0.00000000000001077565
5.90000 -0.00000000000002155626
5.95000 0.00000000000003233687
6.00000 -0.00000000000004311747
6.05000 -0.00000000000000294534
6.10000 -0.00000000000000783526
6.15000 -0.00000000000003822755
6.20000 -0.00000000000002939648
6.25000 0.00000000000004017708
6.30000 0.00000000000000588573
6.35000 0.00000000000000489487
6.40000 -0.00000000000001567548
6.45000 0.00000000000002645608
6.50000 0.00000000000001960673
6.55000 -0.00000000000000882612
6.60000 -0.00000000000005879790
6.65000 0.00000000000001273509
6.70000 -0.00000000000002351569
6.75000 0.00000000000003429630
6.80000 0.00000000000001176651
6.85000 -0.00000000000000098591
6.90000 -0.00000000000000979470
6.95000 0.00000000000007741872
7.00000 -0.00000000000003135591
7.05000 0.00000000000004213652
7.10000 0.00000000000000392630
7.15000 0.00000000000000685431
7.20000 -0.00000000000001763491
7.25000 0.00000000000002841552
7.30000 0.00000000000001764729
7.35000 -0.00000000000000686669
7.40000 -0.00000000000006075734
7.45000 0.00000000000001469452
7.50000 -0.00000000000008231855
7.55000 -0.00000000000002058768
7.60000 -0.00000000000004703634
7.65000 0.00000000000000097353
7.70000 -0.00000000000001175413
7.75000 0.00000000000007937816
7.80000 0.00000000000002352807
7.85000 0.00000000000004409595
7.90000 0.00000000000000196686
7.95000 0.00000000000006565716
8.00000 -0.00000000000001959435
8.05000 0.00000000000003037495
8.10000 -0.00000000000009799898
8.15000 0.00000000000005193617
8.20000 0.00000000000005097007
8.25000 0.00000000000007349738
8.30000 0.00000000000002940885
8.35000 0.00000000000009505859
8.40000 -0.00000000000010583919
8.45000 0.00000000000000293296
8.50000 -0.00000000000001371357
8.55000 0.00000000000002449417
8.60000 -0.00000000000003527478
8.65000 0.00000000000004605539
8.70000 -0.00000000000005683599
8.75000 0.00000000000006761660
8.80000 0.00000000000003528964
8.85000 0.00000000000008917781
8.90000 0.00000000000001372842
8.95000 -0.00000000000000294782
9.00000 -0.00000000000000783279
9.05000 0.00000000000001861339
9.10000 -0.00000000000014308084
9.15000 0.00000000000004017460
9.20000 0.00000000000006273163
9.25000 0.00000000000006173582
9.30000 -0.00000000000007251642
9.35000 0.00000000000008329703
9.40000 -0.00000000000009407763
9.45000 -0.00000000000000882860
9.50000 -0.00000000000011563884
9.55000 0.00000000000001273261
9.60000 -0.00000000000002351322
9.65000 0.00000000000003429382
9.70000 -0.00000000000004507443
9.75000 0.00000000000005585504
9.80000 0.00000000000004705120
9.85000 -0.00000000000003627059
9.90000 0.00000000000002548998
9.95000 -0.00000000000001470938
10.00000 -0.00000000000010975806
10.05000 0.00000000000000685183
10.10000 0.00000000000009605440
10.15000 0.00000000000002841304
10.20000 -0.00000000000003919365
10.25000 0.00000000000016366109
10.30000 0.00000000000005293198
10.35000 -0.00000000000004215137
10.40000 -0.00000000000008231607
10.45000 0.00000000000009309668
10.50000 0.00000000000000980955
10.55000 0.00000000000000097105
10.60000 -0.00000000000001175166
10.65000 0.00000000000002253226
10.70000 0.00000000000008037397
10.75000 0.00000000000004409347
10.80000 -0.00000000000005487408
10.85000 -0.00000000000004803215
10.90000 -0.00000000000007643529
10.95000 -0.00000000000002647094
11.00000 -0.00000000000009799650
11.05000 -0.00000000000000490973
11.10000 -0.00000000000000587088
11.15000 0.00000000000013033832
11.20000 -0.00000000000002743209
11.25000 0.00000000000003821269
11.30000 -0.00000000000004899330
11.35000 0.00000000000005977391
11.40000 0.00000000000004313233
11.45000 -0.00000000000003235172
11.50000 -0.00000000000009211572
11.55000 0.00000000000010289633
11.60000 0.00000000000011369674
11.65000 0.00000000000001077070
11.70000 -0.00000000000002155131
11.75000 0.00000000000003233191
11.80000 -0.00000000000004311252
11.85000 -0.00000000000005979371
11.90000 -0.00000000000006467373
11.95000 -0.00000000000003823250
12.00000 -0.00000000000008623494
12.05000 0.00000000000009701555
12.10000 0.00000000000000589068
12.15000 0.00000000000000488992
12.20000 -0.00000000000001567053
12.25000 0.00000000000014013797
12.30000 0.00000000000007645510
12.35000 -0.00000000000006567449
12.40000 -0.00000000000005879295
12.45000 0.00000000000006957356
12.50000 -0.00000000000008035416
12.55000 -0.00000000000002255207
12.60000 0.00000000000001177146
12.65000 -0.00000000000000099086
12.70000 -0.00000000000000978975
12.75000 0.00000000000013425719
12.80000 -0.00000000000003135096
12.85000 -0.00000000000007155527
12.90000 -0.00000000000005291217
12.95000 0.00000000000006369278
13.00000 0.00000000000003921346
13.05000 -0.00000000000002843285
13.10000 0.00000000000001765225
13.15000 0.00000000000010681520
13.20000 -0.00000000000011759580
13.25000 0.00000000000001468957
13.30000 -0.00000000000002547018
13.35000 0.00000000000003625078
13.40000 -0.00000000000004703139
13.45000 -0.00000000000005587484
13.50000 -0.00000000000006859260
13.55000 0.00000000000007937321
13.60000 0.00000000000002353303
13.65000 0.00000000000010093442
13.70000 0.00000000000000197181
13.75000 0.00000000000000880879
13.80000 -0.00000000000001958940
13.85000 0.00000000000003037000
13.90000 -0.00000000000015483745
13.95000 -0.00000000000006175562
14.00000 -0.00000000000006271182
14.05000 0.00000000000007349243
14.10000 -0.00000000000008427303
14.15000 -0.00000000000001863320
14.20000 0.00000000000000785260
14.25000 0.00000000000011661485
14.30000 -0.00000000000001370862
14.35000 -0.00000000000008919762
14.40000 -0.00000000000003526983
14.45000 0.00000000000004605043
14.50000 -0.00000000000005683104
14.55000 0.00000000000006761164
14.60000 0.00000000000003529459
14.65000 -0.00000000000002451398
14.70000 0.00000000000001373338
14.75000 0.00000000000011073407
14.80000 -0.00000000000012151467
14.85000 -0.00000000000009507840
14.90000 -0.00000000000002938905
14.95000 0.00000000000004016965
15.00000 -0.00000000000016463710
15.05000 -0.00000000000005195597
15.10000 0.00000000000004117537
15.15000 0.00000000000008329208
15.20000 -0.00000000000009407268
15.25000 0.00000000000010485329
15.30000 -0.00000000000000194706
15.35000 0.00000000000001272766
15.40000 -0.00000000000002350827
15.45000 0.00000000000003428887
15.50000 -0.00000000000015875632
15.55000 0.00000000000005585008
15.60000 0.00000000000004705615
15.65000 0.00000000000007741130
15.70000 -0.00000000000008819190
15.75000 -0.00000000000001471433
15.80000 0.00000000000000393373
15.85000 0.00000000000000684688
15.90000 -0.00000000000013131432
15.95000 -0.00000000000008527875
16.00000 -0.00000000000003918870
16.05000 0.00000000000004996930
16.10000 -0.00000000000006074991
16.15000 -0.00000000000015584316
16.20000 -0.00000000000019599796
16.25000 0.00000000000009309173
16.30000 -0.00000000000010387233
16.35000 0.00000000000000096610
16.40000 0.00000000000010194013
16.45000 0.00000000000002252731
16.50000 -0.00000000000014699475
16.55000 0.00000000000004408852
16.60000 0.00000000000005881771
16.65000 0.00000000000006564973
16.70000 -0.00000000000019011718
16.75000 0.00000000000008721095
16.80000 -0.00000000000021167839
16.85000 -0.00000000000011860152
16.90000 -0.00000000000000586593
16.95000 0.00000000000013033337
17.00000 -0.00000000000002742714
17.05000 -0.00000000000007547910
17.10000 -0.00000000000004898835
17.15000 -0.00000000000005391788
17.20000 -0.00000000000007054956
17.25000 0.00000000000019501700
17.30000 -0.00000000000009211077
17.35000 -0.00000000000001079546
17.40000 -0.00000000000011367198
17.45000 0.00000000000023813943
17.50000 -0.00000000000013523319
17.55000 0.00000000000003232696
17.60000 0.00000000000007057927
17.65000 0.00000000000005388817
17.70000 -0.00000000000017835562
17.75000 0.00000000000007544938
17.80000 0.00000000000002745685
17.85000 0.00000000000009701060
17.90000 0.00000000000000589564
17.95000 0.00000000000011857181
18.00000 -0.00000000000001566558
18.05000 0.00000000000014013302
18.10000 -0.00000000000003722679
18.15000 -0.00000000000006567945
18.20000 -0.00000000000028616167
18.25000 0.00000000000018325544
18.30000 -0.00000000000008034921
18.35000 -0.00000000000002255702
18.40000 0.00000000000012546325
18.45000 -0.00000000000000099581
18.50000 -0.00000000000012347163
18.55000 0.00000000000002056540
18.60000 -0.00000000000014503284
18.65000 0.00000000000004212661
18.70000 -0.00000000000016659406
18.75000 0.00000000000006368782
18.80000 -0.00000000000018815527
18.85000 -0.00000000000014212464
18.90000 0.00000000000001765720
18.95000 0.00000000000010681025
19.00000 -0.00000000000023127769
19.05000 0.00000000000012837146
19.10000 -0.00000000000002546523
19.15000 -0.00000000000007744101
19.20000 -0.00000000000004702644
19.25000 0.00000000000017149388
19.30000 -0.00000000000006858765
19.35000 -0.00000000000003431858
19.40000 -0.00000000000009014886
19.45000 -0.00000000000001275737
19.50000 -0.00000000000011171007
19.55000 0.00000000000023617751
19.60000 0.00000000000009410239
19.65000 0.00000000000003036505
19.70000 0.00000000000007254118
19.75000 0.00000000000005192626
19.80000 0.00000000000005097997
19.85000 0.00000000000007348747
19.90000 0.00000000000002941876
19.95000 0.00000000000009504869
20.00000 -0.00000000000021951613
20.05000 0.00000000000011660990
20.10000 -0.00000000000001370366
20.15000 -0.00000000000008920257
20.20000 0.00000000000019210880
20.25000 0.00000000000015973232
20.30000 -0.00000000000005682609
20.35000 -0.00000000000004608014
20.40000 -0.00000000000007838730
20.45000 -0.00000000000025189261
20.50000 -0.00000000000032732219
20.55000 -0.00000000000000295772
20.60000 0.00000000000010586395
20.65000 0.00000000000001860349
20.70000 0.00000000000008430274
20.75000 0.00000000000004016470
20.80000 -0.00000000000016463214
20.85000 0.00000000000006172591
20.90000 -0.00000000000018619336
20.95000 -0.00000000000014408655
21.00000 0.00000000000001961911
21.05000 0.00000000000010484834
21.10000 -0.00000000000000194210
21.15000 -0.00000000000010096413
21.20000 -0.00000000000002350331
21.25000 0.00000000000014797076
21.30000 -0.00000000000004506453
21.35000 0.00000000000016953197
21.40000 0.00000000000016074794
21.45000 -0.00000000000003628049
21.50000 -0.00000000000008818695
21.55000 -0.00000000000001471928
21.60000 -0.00000000000010974816
21.65000 0.00000000000000684193
21.70000 0.00000000000009606430
21.75000 0.00000000000025577682
21.80000 -0.00000000000015287058
21.85000 -0.00000000000017740932
21.90000 0.00000000000005294188
21.95000 -0.00000000000015584811
22.00000 -0.00000000000019599301
22.05000 0.00000000000009308677
22.10000 0.00000000000000981946
22.15000 0.00000000000011464799
22.20000 -0.00000000000001174175
22.25000 0.00000000000013620920
22.30000 -0.00000000000026067664
22.35000 -0.00000000000006960327
22.40000 -0.00000000000005486418
22.45000 -0.00000000000004804206
22.50000 -0.00000000000007642539
22.55000 0.00000000000020089283
22.60000 -0.00000000000009798660
22.65000 -0.00000000000000491963
22.70000 -0.00000000000011954781
22.75000 0.00000000000024401525
22.80000 0.00000000000008626465
22.85000 0.00000000000003820279
22.90000 0.00000000000006470344
22.95000 0.00000000000005976400
23.00000 -0.00000000000018423145
23.05000 0.00000000000008132521
23.10000 -0.00000000000020579266
23.15000 0.00000000000010288642
23.20000 0.00000000000022739348
23.25000 0.00000000000035182131
23.30000 -0.00000000000002154140
23.35000 -0.00000000000008136483
23.40000 -0.00000000000004310262
23.45000 -0.00000000000005980362
23.50000 -0.00000000000006466383
23.55000 0.00000000000018913127
23.60000 -0.00000000000008622504
23.65000 0.00000000000021069248
23.70000 0.00000000000011958743
23.75000 0.00000000000000488002
23.80000 -0.00000000000012934746
23.85000 0.00000000000002644123
23.90000 0.00000000000007646500
23.95000 0.00000000000004800244
24.00000 -0.00000000000017246988
24.05000 0.00000000000006956365
24.10000 -0.00000000000019403110
24.15000 -0.00000000000013624881
24.20000 0.00000000000001178137
24.25000 0.00000000000011268607
24.30000 -0.00000000000000977984
24.35000 0.00000000000013424729
24.40000 -0.00000000000003134105
24.45000 -0.00000000000007156518
24.50000 -0.00000000000028027594
24.55000 0.00000000000017736971
24.60000 0.00000000000015291020
24.65000 -0.00000000000002844275
24.70000 0.00000000000013134899
24.75000 -0.00000000000000688154
24.80000 -0.00000000000011758590
24.85000 0.00000000000001467967
24.90000 -0.00000000000013914711
24.95000 0.00000000000003624088
25.00000 -0.00000000000016070832
25.05000 0.00000000000028517577
25.10000 0.00000000000004510414
25.15000 -0.00000000000014801037
25.20000 0.00000000000002354293
25.25000 0.00000000000010092451
25.30000 0.00000000000000198172
25.35000 0.00000000000012248573
25.40000 -0.00000000000001957949
25.45000 0.00000000000014404694
25.50000 -0.00000000000026851438
25.55000 -0.00000000000006176553
25.60000 -0.00000000000006270192
25.65000 -0.00000000000004020432
25.70000 0.00000000000014311055
25.75000 0.00000000000020873057
25.80000 -0.00000000000010582434
25.85000 0.00000000000000291811
25.90000 -0.00000000000012738555
25.95000 -0.00000000000020289436
26.00000 0.00000000000007842691
26.05000 0.00000000000004604053
26.10000 0.00000000000005686570
26.15000 0.00000000000006760174
26.20000 0.00000000000003530449
26.25000 0.00000000000008916295
26.30000 -0.00000000000021363040
26.35000 0.00000000000011072416
26.40000 -0.00000000000023519161
26.45000 -0.00000000000009508830
26.50000 -0.00000000000002937914
26.55000 0.00000000000015384659
26.60000 -0.00000000000005094035
26.65000 -0.00000000000005196588
26.70000 -0.00000000000007250157
26.75000 0.00000000000019696901
26.80000 -0.00000000000009406278
26.85000 0.00000000000021853022
26.90000 0.00000000000011174969
26.95000 0.00000000000001271776
27.00000 -0.00000000000013718520
27.05000 0.00000000000003427897
27.10000 -0.00000000000015874641
27.15000 0.00000000000005584018
27.20000 0.00000000000004706605
27.25000 0.00000000000030477507
27.30000 -0.00000000000020186884
27.35000 -0.00000000000012841107
27.40000 0.00000000000000394363
27.45000 -0.00000000000010684986
27.50000 -0.00000000000001761758
27.55000 0.00000000000014208503
27.60000 -0.00000000000003917879
27.65000 0.00000000000016364624
27.70000 -0.00000000000006074001
27.75000 0.00000000000018520745
27.80000 -0.00000000000030967489
27.85000 -0.00000000000002060502
27.90000 0.00000000000012351125
27.95000 0.00000000000000095620
28.00000 -0.00000000000012542364
28.05000 0.00000000000002251741
28.10000 -0.00000000000014698485
28.15000 0.00000000000004407862
28.20000 -0.00000000000016854606
28.25000 0.00000000000029301351
28.30000 0.00000000000003726640
28.35000 0.00000000000008720104
28.40000 0.00000000000001570519
28.45000 -0.00000000000011861142
28.50000 -0.00000000000023322970
28.55000 0.00000000000013032346
28.60000 -0.00000000000002741723
28.65000 0.00000000000015188468
28.70000 0.00000000000017839523
28.75000 -0.00000000000005392779
28.80000 -0.00000000000007053966
28.85000 -0.00000000000003236658
28.90000 -0.00000000000009210087
28.95000 -0.00000000000001080536
29.00000 -0.00000000000011366208
29.05000 0.00000000000023812952
29.10000 -0.00000000000013522329
29.15000 -0.00000000000019505662
29.20000 0.00000000000007058917
29.25000 0.00000000000005387827
29.30000 0.00000000000004902796
29.35000 0.00000000000007543948
29.40000 0.00000000000002746675
29.45000 0.00000000000009700069
29.50000 -0.00000000000022146814
29.55000 0.00000000000011856190
29.60000 -0.00000000000024302935
29.65000 -0.00000000000008725056
29.70000 0.00000000000019015679
29.75000 0.00000000000016168433
29.80000 -0.00000000000005877809
29.85000 -0.00000000000004412814
29.90000 -0.00000000000008033931
29.95000 -0.00000000000002256693
30.00000 -0.00000000000032927419
30.05000 0.00000000000022636796
30.10000 0.00000000000010391195
30.15000 0.00000000000002055550
30.20000 0.00000000000008235074
30.25000 0.00000000000004211671
30.30000 -0.00000000000016658415
30.35000 0.00000000000006367792
30.40000 -0.00000000000018814536
30.45000 0.00000000000008523913
30.50000 -0.00000000000020970657
30.55000 0.00000000000033417402
30.60000 -0.00000000000000389411
30.65000 -0.00000000000009901212
30.70000 -0.00000000000002545532
30.75000 0.00000000000014992277
30.80000 -0.00000000000004701653
30.85000 0.00000000000017148398
30.90000 -0.00000000000006857774
30.95000 0.00000000000019304519
31.00000 -0.00000000000031751263
31.05000 -0.00000000000001276728
31.10000 -0.00000000000011170017
31.15000 0.00000000000000879394
31.20000 0.00000000000009411230
31.25000 0.00000000000025772882
31.30000 -0.00000000000015482259
31.35000 0.00000000000005191636
31.40000 -0.00000000000017638380
31.45000 -0.00000000000015389611
31.50000 0.00000000000002942866
31.55000 0.00000000000009503878
31.60000 0.00000000000000786745
31.65000 0.00000000000011659999
31.70000 -0.00000000000001369376
31.75000 0.00000000000013816120
31.80000 -0.00000000000026262865
31.85000 0.00000000000015972242
31.90000 0.00000000000017055749
31.95000 -0.00000000000004609005
32.00000 -0.00000000000007837740
32.05000 -0.00000000000002452884
32.10000 -0.00000000000009993861
32.15000 0.00000000000022440605
32.20000 -0.00000000000012149982
32.25000 0.00000000000024596726
32.30000 0.00000000000031168632
32.35000 0.00000000000026752847
32.40000 -0.00000000000039199592
32.45000 -0.00000000000016565767
32.50000 -0.00000000000018618345
32.55000 -0.00000000000014409646
32.60000 -0.00000000000020774466
32.65000 0.00000000000033221211
32.70000 -0.00000000000000193220
32.75000 0.00000000000012639964
32.80000 0.00000000000020388026
32.85000 -0.00000000000007941282
32.90000 -0.00000000000004505462
32.95000 0.00000000000016952207
33.00000 -0.00000000000029398951
33.05000 -0.00000000000003629040
33.10000 -0.00000000000008817705
33.15000 0.00000000000021264449
33.20000 0.00000000000011763542
33.25000 0.00000000000000683202
33.30000 -0.00000000000013129947
33.35000 0.00000000000025576691
33.40000 -0.00000000000038023436
33.45000 0.00000000000004995445
33.50000 -0.00000000000017442189
33.55000 -0.00000000000015585802
33.60000 -0.00000000000042335678
33.65000 0.00000000000054782422
33.70000 0.00000000000023720304
33.75000 0.00000000000034201176
33.80000 -0.00000000000001173185
33.85000 0.00000000000013619929
33.90000 -0.00000000000026066674
33.95000 -0.00000000000006961317
34.00000 -0.00000000000005485427
34.05000 -0.00000000000027542563
34.10000 0.00000000000015095819
34.15000 0.00000000000042825660
34.20000 -0.00000000000009797670
34.25000 0.00000000000022244414
34.30000 0.00000000000010783577
34.35000 0.00000000000001663168
34.40000 -0.00000000000014109912
34.45000 0.00000000000026556656
34.50000 -0.00000000000039003401
34.55000 0.00000000000005975410
34.60000 -0.00000000000018422154
34.65000 0.00000000000030868898
34.70000 0.00000000000002159092
34.75000 0.00000000000010287652
34.80000 -0.00000000000022734396
34.85000 0.00000000000035181141
34.90000 -0.00000000000047627885
34.95000 0.00000000000014599894
35.00000 -0.00000000000027046639
35.05000 -0.00000000000005981352
35.10000 -0.00000000000006465392
35.15000 0.00000000000018912137
35.20000 0.00000000000014115854
35.25000 0.00000000000043805625
35.30000 -0.00000000000010777635
35.35000 0.00000000000023224379
35.40000 -0.00000000000035671123
35.45000 0.00000000000002643133
35.50000 -0.00000000000015089877
35.55000 -0.00000000000017938114
35.60000 0.00000000000005491370
35.65000 0.00000000000006955375
35.70000 -0.00000000000019402119
35.75000 0.00000000000031848864
35.80000 0.00000000000001179127
35.85000 0.00000000000011267617
35.90000 -0.00000000000023714361
35.95000 -0.00000000000009313629
36.00000 -0.00000000000003133115
36.05000 0.00000000000015579859
36.10000 -0.00000000000028026604
36.15000 0.00000000000040473348
36.20000 -0.00000000000007445357
36.25000 0.00000000000019892102
36.30000 0.00000000000013135889
36.35000 0.00000000000044785590
36.40000 -0.00000000000057232335
36.45000 -0.00000000000021270391
36.50000 -0.00000000000036651088
36.55000 0.00000000000003623098
36.60000 -0.00000000000016069842
36.65000 0.00000000000028516586
36.70000 0.00000000000004511404
36.75000 0.00000000000007935340
36.80000 0.00000000000025092651
36.85000 -0.00000000000012645907
36.90000 0.00000000000000199162
36.95000 0.00000000000012247582
37.00000 -0.00000000000024694327
37.05000 -0.00000000000008333664
37.10000 -0.00000000000004113080
37.15000 0.00000000000016559824
37.20000 -0.00000000000029006569
37.25000 0.00000000000041453313
37.30000 -0.00000000000008425322
37.35000 0.00000000000020872067
37.40000 -0.00000000000033318811
37.45000 0.00000000000000290820
37.50000 -0.00000000000012737565
37.55000 -0.00000000000020290426
37.60000 -0.00000000000037631053
37.65000 0.00000000000050077798
37.70000 0.00000000000028424928
37.75000 0.00000000000029496551
37.80000 0.00000000000003531439
37.85000 0.00000000000008915305
37.90000 -0.00000000000021362049
37.95000 -0.00000000000011665941
38.00000 -0.00000000000046255538
38.05000 0.00000000000013227547
38.10000 -0.00000000000025674292
38.15000 0.00000000000038121036
38.20000 -0.00000000000005093045
38.25000 0.00000000000017539789
38.30000 0.00000000000015488201
38.35000 -0.00000000000003041457
38.40000 -0.00000000000009405287
38.45000 0.00000000000021852032
38.50000 -0.00000000000034298776
38.55000 0.00000000000001270785
38.60000 -0.00000000000013717530
38.65000 -0.00000000000019310461
38.70000 0.00000000000006863717
38.75000 0.00000000000005583028
38.80000 -0.00000000000018029772
38.85000 0.00000000000030476516
38.90000 0.00000000000002551474
38.95000 0.00000000000009895270
39.00000 -0.00000000000022342014
39.05000 -0.00000000000010685976
39.10000 -0.00000000000047235503
39.15000 -0.00000000000031267223
39.20000 0.00000000000018820479
39.25000 0.00000000000039101001
39.30000 -0.00000000000006073010
39.35000 0.00000000000018519755
39.40000 0.00000000000014508236
39.45000 -0.00000000000002061492
39.50000 -0.00000000000010385252
39.55000 -0.00000000000022642738
39.60000 0.00000000000010195994
39.65000 0.00000000000002250750
39.70000 -0.00000000000014697495
39.75000 0.00000000000027144239
39.80000 0.00000000000005883752
39.85000 0.00000000000006562993
39.90000 -0.00000000000019009737
39.95000 0.00000000000031456481
40.00000 -0.00000000000043903226
40.05000 0.00000000000010875235
40.10000 -0.00000000000023321979
40.15000 -0.00000000000009706011
40.20000 -0.00000000000002740733
40.25000 0.00000000000015187477
40.30000 0.00000000000017840513
40.35000 0.00000000000040080966
40.40000 0.00000000000038421760
40.45000 -0.00000000000025975016
40.50000 -0.00000000000031946464
40.55000 -0.00000000000001081527
40.60000 -0.00000000000011365217
40.65000 -0.00000000000021662773
40.70000 0.00000000000009216029
40.75000 0.00000000000048705451
40.80000 -0.00000000000015677460
40.85000 0.00000000000028124204
40.90000 0.00000000000050378522
40.95000 0.00000000000053017693
41.00000 -0.00000000000065464437
41.05000 -0.00000000000013038289
41.10000 0.00000000000000591544
41.15000 -0.00000000000033619535
41.20000 0.00000000000021172791
41.25000 0.00000000000036748689
41.30000 -0.00000000000003720698
41.35000 0.00000000000016167442
41.40000 0.00000000000016860548
41.45000 -0.00000000000004413804
41.50000 -0.00000000000008032940
41.55000 0.00000000000020479685
41.60000 -0.00000000000032926429
41.65000 -0.00000000000000101562
41.70000 -0.00000000000012345183
41.75000 0.00000000000024791927
41.80000 -0.00000000000037238671
41.85000 0.00000000000049685416
41.90000 0.00000000000028817310
41.95000 -0.00000000000016370566
42.00000 0.00000000000003923822
42.05000 0.00000000000008522923
42.10000 -0.00000000000020969667
42.15000 -0.00000000000012058324
42.20000 -0.00000000000000388421
42.25000 0.00000000000012835165
42.30000 0.00000000000020192826
42.35000 0.00000000000037728654
42.40000 -0.00000000000004700663
42.45000 0.00000000000017147407
42.50000 -0.00000000000029594152
42.55000 -0.00000000000003433839
42.60000 -0.00000000000009012905
42.65000 0.00000000000021459650
42.70000 -0.00000000000033906394
42.75000 0.00000000000046353138
42.80000 0.00000000000032149588
42.85000 -0.00000000000019702843
42.90000 0.00000000000007256099
42.95000 0.00000000000005190645
43.00000 -0.00000000000017637390
43.05000 -0.00000000000015390601
43.10000 0.00000000000002943857
43.15000 0.00000000000009502888
43.20000 -0.00000000000021949632
43.25000 0.00000000000034396376
43.30000 -0.00000000000001368386
43.35000 0.00000000000013815130
43.40000 0.00000000000019212861
43.45000 0.00000000000038708619
43.50000 -0.00000000000051155363
43.55000 0.00000000000018127372
43.60000 -0.00000000000030574117
43.65000 -0.00000000000047928609
43.70000 0.00000000000035481865
43.75000 0.00000000000067914350
43.80000 0.00000000000010588376
43.85000 0.00000000000001858368
43.90000 0.00000000000031169623
43.95000 -0.00000000000018722878
44.00000 -0.00000000000039198601
44.05000 0.00000000000006170611
44.10000 -0.00000000000018617355
44.15000 -0.00000000000014410636
44.20000 0.00000000000001963892
44.25000 0.00000000000010482853
44.30000 -0.00000000000022929597
44.35000 0.00000000000035376341
44.40000 -0.00000000000002348351
44.45000 0.00000000000014795095
44.50000 -0.00000000000027241839
44.55000 0.00000000000039688584
44.60000 -0.00000000000052135328
44.65000 -0.00000000000026367398
44.70000 0.00000000000013920653
44.75000 -0.00000000000001473909
44.80000 -0.00000000000010972835
44.85000 0.00000000000023419580
44.90000 0.00000000000009608411
44.95000 0.00000000000002838333
45.00000 -0.00000000000015285078
45.05000 -0.00000000000017742913
45.10000 -0.00000000000040178566
45.15000 0.00000000000007150576
45.20000 -0.00000000000019597320
45.25000 0.00000000000032044064
45.30000 0.00000000000000983927
45.35000 0.00000000000011462818
45.40000 -0.00000000000023909562
45.45000 0.00000000000036356307
45.50000 -0.00000000000048803051
45.55000 -0.00000000000029699675
45.60000 0.00000000000017252931
45.65000 -0.00000000000004806186
45.70000 -0.00000000000007640558
45.75000 0.00000000000020087302
45.80000 0.00000000000012940688
45.85000 -0.00000000000000493944
45.90000 -0.00000000000011952800
45.95000 0.00000000000024399545
46.00000 -0.00000000000036846289
46.05000 0.00000000000003818298
46.10000 -0.00000000000016265043
46.15000 -0.00000000000016762948
46.20000 -0.00000000000041158531
46.25000 0.00000000000053605276
46.30000 -0.00000000000020577285
46.35000 0.00000000000033024029
46.40000 0.00000000000045478697
46.45000 -0.00000000000033031952
46.50000 -0.00000000000070364262
46.55000 -0.00000000000008138464
46.60000 -0.00000000000004308281
46.65000 -0.00000000000028719710
46.70000 0.00000000000016272966
46.75000 -0.00000000000003826221
46.80000 -0.00000000000008620523
46.85000 0.00000000000021067267
46.90000 0.00000000000011960723
46.95000 0.00000000000000486021
47.00000 -0.00000000000012932765
47.05000 0.00000000000025379510
47.10000 -0.00000000000037826254
47.15000 0.00000000000004798263
47.20000 -0.00000000000017245008
47.25000 0.00000000000029691752
47.30000 -0.00000000000042138496
47.35000 0.00000000000054585241
47.40000 0.00000000000023917485
47.45000 -0.00000000000011470741
47.50000 -0.00000000000000976004
47.55000 -0.00000000000032051987
47.60000 -0.00000000000025869492
47.65000 -0.00000000000007158499
47.70000 -0.00000000000005288246
47.75000 0.00000000000017734990
47.80000 0.00000000000015293001
47.85000 -0.00000000000002846256
47.90000 -0.00000000000009600488
47.95000 0.00000000000022047232
48.00000 -0.00000000000034493977
48.05000 0.00000000000001465986
48.10000 -0.00000000000013912730
48.15000 0.00000000000026359475
48.20000 -0.00000000000038806219
48.25000 0.00000000000051252963
48.30000 0.00000000000027249762
48.35000 -0.00000000000014803018
48.40000 0.00000000000002356274
48.45000 0.00000000000010090471
48.50000 -0.00000000000022537215
48.55000 -0.00000000000010490776
48.60000 -0.00000000000001955969
48.65000 0.00000000000014402713
48.70000 -0.00000000000026849457
48.75000 0.00000000000039296202
48.80000 -0.00000000000006268211
48.85000 0.00000000000018714955
48.90000 0.00000000000014313036
48.95000 0.00000000000043608444
49.00000 -0.00000000000056055188
49.05000 0.00000000000023027198
49.10000 -0.00000000000035473942
49.15000 -0.00000000000043028784
49.20000 0.00000000000030582040
49.25000 0.00000000000072814175
49.30000 0.00000000000005688551
49.35000 0.00000000000006758193
49.40000 0.00000000000026269797
49.45000 -0.00000000000013823053
49.50000 0.00000000000001376309
49.55000 0.00000000000011070436
49.60000 -0.00000000000023517180
49.65000 -0.00000000000009510811
49.70000 -0.00000000000002935934
49.75000 0.00000000000015382678
49.80000 -0.00000000000027829422
49.85000 0.00000000000040276167
49.90000 -0.00000000000007248176
49.95000 0.00000000000019694920
50.00000 -0.00000000000032141665
50.05000 0.00000000000044588409
50.10000 -0.00000000000057035153
50.15000 -0.00000000000021467573
50.20000 0.00000000000009020828
50.25000 0.00000000000003425916
50.30000 0.00000000000029602075
50.35000 0.00000000000028319405
50.40000 0.00000000000004708586
50.45000 0.00000000000007738158
50.50000 -0.00000000000020184903
50.55000 -0.00000000000012843088
50.60000 0.00000000000000396344
50.65000 0.00000000000012050401
50.70000 -0.00000000000024497145
50.75000 0.00000000000036943889
50.80000 -0.00000000000003915899
50.85000 0.00000000000016362643
50.90000 -0.00000000000028809387
50.95000 0.00000000000041256132
51.00000 -0.00000000000053702876
51.05000 -0.00000000000024799850
51.10000 0.00000000000012353105
51.15000 0.00000000000000093639
51.20000 -0.00000000000012540383
51.25000 0.00000000000024987128
51.30000 0.00000000000008040863
51.35000 0.00000000000004405881
51.40000 0.00000000000028622110
51.45000 0.00000000000029299370
51.50000 -0.00000000000041746114
51.55000 0.00000000000008718123
51.60000 -0.00000000000021164868
51.65000 -0.00000000000011863123
51.70000 -0.00000000000000583621
51.75000 0.00000000000058505101
51.80000 -0.00000000000025477110
51.85000 0.00000000000037923854
51.90000 0.00000000000040578871
51.95000 -0.00000000000028132127
52.00000 0.00000000000015685383
52.05000 -0.00000000000003238638
52.10000 -0.00000000000009208106
52.15000 -0.00000000000023819885
52.20000 0.00000000000011373140
52.25000 0.00000000000001073604
52.30000 -0.00000000000013520348
52.35000 0.00000000000025967093
52.40000 0.00000000000007060898
52.45000 0.00000000000005385846
52.50000 -0.00000000000017832591
52.55000 0.00000000000030279335
52.60000 -0.00000000000042726079
52.65000 0.00000000000009698088
52.70000 -0.00000000000022144833
52.75000 0.00000000000034591577
52.80000 -0.00000000000047038322
52.85000 0.00000000000059485066
52.90000 0.00000000000019017660
52.95000 -0.00000000000006570916
53.00000 -0.00000000000005875829
53.05000 -0.00000000000027152162
53.10000 -0.00000000000030769317
53.15000 -0.00000000000002258673
53.20000 -0.00000000000010188071
53.25000 0.00000000000022634815
53.30000 0.00000000000010393175
53.35000 0.00000000000002053569
53.40000 -0.00000000000014500313
53.45000 0.00000000000026947058
53.50000 -0.00000000000039393802
53.55000 0.00000000000006365811
53.60000 -0.00000000000018812556
53.65000 0.00000000000031259300
53.70000 -0.00000000000043706044
53.75000 0.00000000000056152789
53.80000 0.00000000000022349937
53.85000 -0.00000000000009903193
53.90000 -0.00000000000002543551
53.95000 0.00000000000014990296
54.00000 -0.00000000000027437040
54.05000 -0.00000000000005590951
54.10000 -0.00000000000006855794
54.15000 -0.00000000000026172197
54.20000 -0.00000000000031749282
54.25000 0.00000000000044196027
54.30000 -0.00000000000011168036
54.35000 0.00000000000023614780
54.40000 0.00000000000009413210
54.45000 0.00000000000003033534
54.50000 -0.00000000000060955013
54.55000 0.00000000000027927023
54.60000 -0.00000000000040373767
54.65000 -0.00000000000038128959
54.70000 0.00000000000025682214
54.75000 -0.00000000000013235470
54.80000 0.00000000000000788726
54.85000 0.00000000000011658019
54.90000 0.00000000000021369972
54.95000 -0.00000000000008923228
55.00000 -0.00000000000003523516
55.05000 0.00000000000015970261
55.10000 -0.00000000000028417005
55.15000 -0.00000000000004610986
55.20000 -0.00000000000007835759
55.25000 0.00000000000020282503
55.30000 -0.00000000000032729247
55.35000 0.00000000000045175992
55.40000 -0.00000000000012148001
55.45000 0.00000000000024594745
55.50000 -0.00000000000037041490
55.55000 -0.00000000000041461236
55.60000 -0.00000000000061934978
55.65000 -0.00000000000016567747
55.70000 0.00000000000004121003
55.75000 0.00000000000008325741
55.80000 0.00000000000024702249
55.85000 -0.00000000000012255505
55.90000 -0.00000000000000191239
55.95000 0.00000000000012637984
56.00000 -0.00000000000025084728
56.05000 -0.00000000000007943263
56.10000 -0.00000000000004503482
56.15000 0.00000000000016950226
56.20000 -0.00000000000029396970
56.25000 0.00000000000041843715
56.30000 -0.00000000000008815724
56.35000 0.00000000000021262468
56.40000 -0.00000000000033709212
56.45000 0.00000000000046155957
56.50000 -0.00000000000058602701
56.55000 -0.00000000000019900025
56.60000 0.00000000000007453280
56.65000 0.00000000000004993464
56.70000 -0.00000000000017440208
56.75000 0.00000000000029886953
56.80000 0.00000000000003141038
56.85000 0.00000000000009305706
56.90000 0.00000000000023722284
56.95000 0.00000000000034199195
57.00000 -0.00000000000046645939
57.05000 0.00000000000013617949
57.10000 -0.00000000000026064693
57.15000 -0.00000000000006963298
57.20000 -0.00000000000005483447
57.25000 0.00000000000063404926
57.30000 -0.00000000000030376935
57.35000 0.00000000000042823680
57.40000 0.00000000000035679046
57.45000 -0.00000000000023232302
57.50000 0.00000000000010785558
57.55000 0.00000000000001661187
57.60000 -0.00000000000014107931
57.65000 -0.00000000000018920060
57.70000 0.00000000000006473315
57.75000 0.00000000000005973429
57.80000 -0.00000000000018420173
57.85000 0.00000000000030866918
57.90000 0.00000000000002161073
57.95000 0.00000000000010285671
58.00000 -0.00000000000022732416
58.05000 0.00000000000035179160
58.10000 -0.00000000000047625904
58.15000 0.00000000000014597914
58.20000 -0.00000000000027044658
58.25000 0.00000000000039491402
58.30000 0.00000000000039011324
58.35000 0.00000000000064384891
58.40000 0.00000000000014117835
58.45000 -0.00000000000001671090
58.50000 -0.00000000000010775654
58.55000 -0.00000000000022252337
58.60000 0.00000000000009805593
58.65000 0.00000000000002641152
58.70000 -0.00000000000015087896
58.75000 0.00000000000027534641
58.80000 0.00000000000005493350
58.85000 0.00000000000006953394
58.90000 -0.00000000000019400138
58.95000 0.00000000000031846883
59.00000 -0.00000000000044293627
59.05000 0.00000000000011265636
59.10000 -0.00000000000023712381
59.15000 0.00000000000036159125
59.20000 -0.00000000000048605869
59.25000 0.00000000000061052614
59.30000 0.00000000000017450112
59.35000 -0.00000000000005003368
59.40000 0.00000000000038031358
59.45000 0.00000000000019890121
59.50000 -0.00000000000032336865
59.55000 -0.00000000000000691125
59.60000 -0.00000000000011755619
59.65000 -0.00000000000021272372
59.70000 0.00000000000008825627
59.75000 0.00000000000049095852
59.80000 -0.00000000000016067861
59.85000 0.00000000000028514606
59.90000 0.00000000000004513385
59.95000 0.00000000000007933359
60.00000 -0.00000000000065854839
60.05000 0.00000000000032826848
60.10000 -0.00000000000045273592
60.15000 -0.00000000000033229134
60.20000 0.00000000000020782389
60.25000 -0.00000000000008335645
60.30000 -0.00000000000004111099
60.35000 0.00000000000016557844
60.40000 0.00000000000016470147
60.45000 -0.00000000000004023403
60.50000 -0.00000000000008423342
60.55000 0.00000000000020870086
60.60000 -0.00000000000033316830
60.65000 0.00000000000000288840
60.70000 -0.00000000000012735584
60.75000 0.00000000000025182328
60.80000 -0.00000000000037629073
60.85000 0.00000000000050075817
60.90000 -0.00000000000017047826
60.95000 0.00000000000029494571
61.00000 -0.00000000000041941315
61.05000 -0.00000000000036561411
61.10000 -0.00000000000066834804
61.15000 -0.00000000000011667922
61.20000 -0.00000000000000778822
61.25000 0.00000000000013225566
61.30000 0.00000000000019802424
61.35000 -0.00000000000007355680
61.40000 -0.00000000000005091064
61.45000 0.00000000000017537809
61.50000 -0.00000000000029984553
61.55000 -0.00000000000003043438
61.60000 -0.00000000000009403307
61.65000 0.00000000000021850051
61.70000 -0.00000000000034296795
61.75000 0.00000000000046743540
61.80000 -0.00000000000013715549
61.85000 0.00000000000026162293
61.90000 -0.00000000000038609038
61.95000 0.00000000000051055782
62.00000 -0.00000000000063502526
62.05000 -0.00000000000015000199
62.10000 0.00000000000002553455
62.15000 -0.00000000000035581446
62.20000 -0.00000000000022340034
62.25000 0.00000000000034786778
62.30000 -0.00000000000001758787
62.35000 0.00000000000014205531
62.40000 0.00000000000018822459
62.45000 -0.00000000000006375715
62.50000 -0.00000000000051545765
62.55000 0.00000000000018517774
62.60000 -0.00000000000030964518
62.65000 -0.00000000000002063473
62.70000 -0.00000000000010383272
62.75000 0.00000000000022830016
62.80000 -0.00000000000035276760
62.85000 0.00000000000047723505
62.90000 0.00000000000030779221
62.95000 -0.00000000000018332477
63.00000 0.00000000000005885732
63.05000 0.00000000000006561012
63.10000 -0.00000000000019007756
63.15000 -0.00000000000014020234
63.20000 0.00000000000001573490
63.25000 0.00000000000010873254
63.30000 -0.00000000000023319999
63.35000 0.00000000000035766743
63.40000 -0.00000000000002738752
63.45000 0.00000000000015185497
63.50000 -0.00000000000027632241
63.55000 -0.00000000000005395750
63.60000 -0.00000000000052525730
63.65000 0.00000000000019497739
63.70000 -0.00000000000031944483
63.75000 0.00000000000044391227
63.80000 0.00000000000034111498
63.85000 -0.00000000000021664754
63.90000 0.00000000000009218010
63.95000 0.00000000000003228735
64.00000 -0.00000000000015675479
64.05000 0.00000000000028122223
64.10000 0.00000000000004905767
64.15000 0.00000000000007540977
64.20000 -0.00000000000019987721
64.25000 0.00000000000032434466
64.30000 -0.00000000000044881210
64.35000 0.00000000000011853219
64.40000 -0.00000000000024299964
64.45000 0.00000000000036746708
64.50000 -0.00000000000049193452
64.55000 0.00000000000061640197
64.60000 0.00000000000062337264
64.65000 0.00000000000041058950
64.70000 -0.00000000000053505695
64.75000 0.00000000000065952439
64.80000 -0.00000000000078399183
64.85000 -0.00000000000045578278
64.90000 0.00000000000033131533
64.95000 0.00000000000024789946
65.00000 -0.00000000000037236690
65.05000 0.00000000000049683435
65.10000 0.00000000000028819291
65.15000 -0.00000000000016372547
65.20000 -0.00000000000041548933
65.25000 0.00000000000099470412
65.30000 -0.00000000000066442421
65.35000 -0.00000000000057535039
65.40000 -0.00000000000000386440
65.45000 -0.00000000000032641551
65.50000 -0.00000000000025279929
65.55000 0.00000000000083201408
65.60000 0.00000000000040776053
65.65000 0.00000000000017145427
65.70000 0.00000000000015882564
65.75000 0.00000000000042038915
65.80000 -0.00000000000009010925
65.85000 -0.00000000000024017066
65.90000 -0.00000000000033904413
65.95000 0.00000000000000876422
66.00000 -0.00000000000058797902
66.05000 0.00000000000025769911
66.10000 0.00000000000007258080
66.15000 0.00000000000050663400
66.20000 -0.00000000000017635409
66.25000 0.00000000000075556889
66.30000 -0.00000000000042528898
66.35000 0.00000000000009500907
66.40000 0.00000000000023527084
66.45000 0.00000000000034394396
66.50000 -0.00000000000001366405
66.55000 0.00000000000059287884
66.60000 -0.00000000000026259894
66.65000 -0.00000000000006768097
66.70000 -0.00000000000051153382
66.75000 0.00000000000018125392
66.80000 -0.00000000000076046871
66.85000 0.00000000000043018880
66.90000 -0.00000000000009990890
66.95000 0.00000000000067912369
67.00000 -0.00000000000034884378
67.05000 0.00000000000092805858
67.10000 0.00000000000031171603
67.15000 0.00000000000026749876
67.20000 -0.00000000000084671356
67.25000 0.00000000000051643365
67.30000 -0.00000000000109564844
67.35000 -0.00000000000014412617
67.40000 0.00000000000047440607
67.45000 0.00000000000010480872
67.50000 -0.00000000000068402351
67.55000 0.00000000000035374361
67.60000 -0.00000000000002346370
67.65000 -0.00000000000030681621
67.70000 -0.00000000000027239859
67.75000 0.00000000000085161338
67.80000 -0.00000000000052133347
67.85000 0.00000000000019105357
67.90000 0.00000000000013922634
67.95000 0.00000000000043998845
68.00000 -0.00000000000010970855
68.05000 0.00000000000068892334
68.10000 0.00000000000055085127
68.15000 0.00000000000002836353
68.20000 0.00000000000030191638
68.25000 0.00000000000027729841
68.30000 -0.00000000000085651321
68.35000 -0.00000000000038326140
68.40000 -0.00000000000019595339
68.45000 -0.00000000000013432652
68.50000 -0.00000000000044488828
68.55000 0.00000000000011460837
68.60000 0.00000000000021567154
68.65000 0.00000000000036354326
68.70000 -0.00000000000003326335
68.75000 0.00000000000061247814
68.80000 -0.00000000000028219824
68.85000 -0.00000000000004808167
68.90000 -0.00000000000053113312
68.95000 0.00000000000020085322
69.00000 -0.00000000000078006801
69.05000 0.00000000000044978810
69.10000 -0.00000000000011950820
69.15000 -0.00000000000021077171
69.20000 -0.00000000000036844308
69.25000 0.00000000000003816318
69.30000 -0.00000000000061737797
69.35000 0.00000000000028709806
69.40000 0.00000000000004318185
69.45000 0.00000000000053603295
69.50000 -0.00000000000020575304
69.55000 0.00000000000078496784
69.60000 -0.00000000000045468793
69.65000 0.00000000000012440802
69.70000 -0.00000000000070362282
69.75000 0.00000000000037334291
69.80000 -0.00000000000095255770
69.85000 -0.00000000000028721691
69.90000 -0.00000000000029199789
69.95000 0.00000000000087121268
70.00000 -0.00000000000054093277
70.05000 0.00000000000112014757
70.10000 0.00000000000011962704
70.15000 -0.00000000000044990695
70.20000 -0.00000000000012930785
70.25000 0.00000000000070852264
70.30000 -0.00000000000037824273
70.35000 0.00000000000004796283
70.40000 0.00000000000028231708
70.45000 0.00000000000029689771
70.50000 -0.00000000000087611251
70.55000 0.00000000000054583260
70.60000 -0.00000000000021555269
70.65000 -0.00000000000011472722
70.70000 -0.00000000000046448758
70.75000 0.00000000000013420767
70.80000 -0.00000000000071342247
70.85000 -0.00000000000052635214
70.90000 -0.00000000000005286265
70.95000 -0.00000000000027741726
71.00000 -0.00000000000030179754
71.05000 -0.00000000000002848237
71.10000 0.00000000000035876228
71.15000 0.00000000000022045252
71.20000 0.00000000000010982739
71.25000 0.00000000000046938740
71.30000 -0.00000000000013910750
71.35000 -0.00000000000019117241
71.40000 -0.00000000000038804238
71.45000 0.00000000000005776248
71.50000 -0.00000000000063697727
71.55000 0.00000000000030669736
71.60000 0.00000000000002358254
71.65000 0.00000000000055563225
71.70000 -0.00000000000022535234
71.75000 0.00000000000080456714
71.80000 -0.00000000000047428723
71.85000 0.00000000000014400732
71.90000 0.00000000000018627259
71.95000 0.00000000000039294221
72.00000 -0.00000000000006266230
72.05000 0.00000000000064187710
72.10000 -0.00000000000031159719
72.15000 -0.00000000000001868272
72.20000 -0.00000000000056053208
72.25000 0.00000000000023025217
72.30000 -0.00000000000080946696
72.35000 0.00000000000047918705
72.40000 -0.00000000000014890715
72.45000 0.00000000000072812194
72.50000 -0.00000000000039784203
72.55000 0.00000000000097705683
72.60000 0.00000000000026271778
72.65000 0.00000000000031649701
72.70000 -0.00000000000089571181
72.75000 0.00000000000056543190
72.80000 -0.00000000000114464669
72.85000 -0.00000000000009512791
72.90000 0.00000000000042540782
72.95000 0.00000000000015380697
73.00000 -0.00000000000073302177
73.05000 0.00000000000040274186
73.10000 -0.00000000000007246195
73.15000 -0.00000000000025781796
73.20000 -0.00000000000032139684
73.25000 0.00000000000090061163
73.30000 -0.00000000000057033173
73.35000 0.00000000000024005182
73.40000 0.00000000000009022809
73.45000 0.00000000000048898670
73.50000 -0.00000000000015870680
73.55000 0.00000000000073792159
73.60000 0.00000000000050185302
73.65000 0.00000000000007736178
73.70000 0.00000000000025291813
73.75000 0.00000000000032629666
73.80000 0.00000000000000398324
73.85000 -0.00000000000033426315
73.90000 -0.00000000000024495164
73.95000 -0.00000000000008532826
74.00000 -0.00000000000049388653
74.05000 0.00000000000016360662
74.10000 0.00000000000016667328
74.15000 0.00000000000041254151
74.20000 -0.00000000000008226160
74.25000 0.00000000000066147640
74.30000 -0.00000000000033119649
74.35000 0.00000000000000091658
74.40000 -0.00000000000058013138
74.45000 0.00000000000024985147
74.50000 -0.00000000000082906626
74.55000 0.00000000000049878636
74.60000 -0.00000000000016850645
74.65000 -0.00000000000016177346
74.70000 -0.00000000000041744133
74.75000 0.00000000000008716143
74.80000 -0.00000000000066637622
74.85000 0.00000000000033609631
74.90000 -0.00000000000000581641
74.95000 0.00000000000058503120
75.00000 -0.00000000000025475129
75.05000 0.00000000000083396609
75.10000 0.00000000000040580852
75.15000 0.00000000000017340627
75.20000 -0.00000000000075262107
75.25000 0.00000000000042234116
75.30000 -0.00000000000100155595
75.35000 -0.00000000000023821866
75.40000 0.00000000000056849856
75.45000 0.00000000000092021093
75.50000 -0.00000000000058993103
75.55000 0.00000000000116914582
75.60000 0.00000000000007062879
75.65000 -0.00000000000040090870
75.70000 -0.00000000000017830610
75.75000 0.00000000000075752089
75.80000 -0.00000000000042724098
75.85000 0.00000000000009696108
75.90000 0.00000000000023331883
75.95000 0.00000000000034589596
76.00000 -0.00000000000092511076
76.05000 0.00000000000059483085
76.10000 -0.00000000000026455094
76.15000 -0.00000000000006572896
76.20000 -0.00000000000051348583
76.25000 0.00000000000018320592
76.30000 -0.00000000000076242072
76.35000 -0.00000000000047735389
76.40000 -0.00000000000010186090
76.45000 -0.00000000000022841900
76.50000 -0.00000000000035079579
76.55000 0.00000000000002051588
76.60000 0.00000000000030976403
76.65000 0.00000000000026945077
76.70000 0.00000000000006082914
76.75000 0.00000000000051838566
76.80000 -0.00000000000018810575
76.85000 -0.00000000000014217416
76.90000 -0.00000000000043704064
76.95000 0.00000000000010676073
77.00000 -0.00000000000068597552
77.05000 0.00000000000035569561
77.10000 -0.00000000000002541571
77.15000 0.00000000000060463050
77.20000 -0.00000000000027435059
77.25000 0.00000000000085356539
77.30000 0.00000000000038620922
77.35000 0.00000000000019300557
77.40000 0.00000000000013727433
77.45000 0.00000000000044194046
77.50000 -0.00000000000011166055
77.55000 -0.00000000000021861935
77.60000 -0.00000000000036059544
77.65000 0.00000000000003031553
77.70000 -0.00000000000060953033
77.75000 0.00000000000027925042
77.80000 0.00000000000005102949
77.85000 -0.00000000000038130940
77.90000 -0.00000000000019790540
77.95000 0.00000000000077712019
78.00000 -0.00000000000044684029
78.05000 -0.00000000000079293432
78.10000 0.00000000000021371953
78.15000 -0.00000000000054399944
78.20000 -0.00000000000094471006
78.25000 0.00000000000061443015
78.30000 0.00000000000062534446
78.35000 -0.00000000000004612966
78.40000 0.00000000000037640957
78.45000 0.00000000000020280522
78.50000 -0.00000000000078202002
78.55000 -0.00000000000045775459
78.60000 -0.00000000000012146020
78.65000 -0.00000000000020881970
78.70000 -0.00000000000037039509
78.75000 0.00000000000004011518
78.80000 0.00000000000029016472
78.85000 0.00000000000028905007
78.90000 0.00000000000004122984
78.95000 0.00000000000053798496
79.00000 -0.00000000000020770505
79.05000 -0.00000000000012257486
79.10000 0.00000000000045285477
79.15000 0.00000000000012636003
79.20000 0.00000000000020391988
79.25000 0.00000000000037529492
79.30000 -0.00000000000004501501
79.35000 -0.00000000000028526490
79.40000 -0.00000000000029394989
79.45000 -0.00000000000003633001
79.50000 -0.00000000000054288478
79.55000 0.00000000000021260487
79.60000 0.00000000000011767503
79.65000 0.00000000000046153976
79.70000 -0.00000000000013125985
79.75000 0.00000000000071047465
79.80000 -0.00000000000038019474
79.85000 0.00000000000004991483
79.90000 -0.00000000000062912963
79.95000 0.00000000000029884972
80.00000 -0.00000000000087806451
80.05000 -0.00000000000036171010
80.10000 -0.00000000000021750470
80.15000 -0.00000000000011277521
80.20000 -0.00000000000046643959
80.25000 0.00000000000013615968
80.30000 0.00000000000019412023
80.35000 0.00000000000038509457
80.40000 -0.00000000000005481466
80.45000 0.00000000000063402945
80.50000 -0.00000000000030374955
80.55000 -0.00000000000002653036
80.60000 0.00000000000035681027
80.65000 0.00000000000022240452
80.70000 -0.00000000000080161932
80.75000 0.00000000000047133941
80.80000 0.00000000000076843520
80.85000 -0.00000000000018922040
80.90000 0.00000000000051950031
80.95000 0.00000000000096920919
81.00000 -0.00000000000063892928
81.05000 -0.00000000000060084533
81.10000 0.00000000000002163054
81.15000 -0.00000000000035191044
81.20000 -0.00000000000022730435
81.25000 0.00000000000080651914
81.30000 0.00000000000043325547
81.35000 0.00000000000014595933
81.40000 0.00000000000018432058
81.45000 0.00000000000039489422
81.50000 -0.00000000000097410901
81.55000 -0.00000000000026566560
81.60000 -0.00000000000031354920
81.65000 -0.00000000000001673071
81.70000 -0.00000000000056248408
81.75000 0.00000000000023220417
81.80000 0.00000000000100757043
81.85000 -0.00000000000042835564
81.90000 -0.00000000000106035386
81.95000 0.00000000000073007395
82.00000 -0.00000000000130928874
82.05000 0.00000000000006951413
82.10000 0.00000000000026076577
82.15000 0.00000000000031844902
82.20000 0.00000000000001183089
82.25000 0.00000000000056738391
82.30000 0.00000000000067239070
82.35000 -0.00000000000009317591
82.40000 0.00000000000042345581
82.45000 0.00000000000015575898
82.50000 -0.00000000000073497377
82.55000 0.00000000000040469387
82.60000 -0.00000000000007441396
82.65000 0.00000000000065362875
82.70000 -0.00000000000032334885
82.75000 0.00000000000090256364
82.80000 0.00000000000033721097
82.85000 -0.00000000000066749088
82.90000 0.00000000000008827608
82.95000 -0.00000000000041855599
83.00000 -0.00000000000016065880
83.05000 -0.00000000000016962110
83.10000 -0.00000000000040959369
83.15000 0.00000000000007931378
83.20000 -0.00000000000065852858
83.25000 0.00000000000032824867
83.30000 0.00000000000000203124
83.35000 -0.00000000000033231114
83.40000 -0.00000000000024690365
83.45000 -0.00000000000008337626
83.50000 -0.00000000000049583854
83.55000 0.00000000000016555863
83.60000 -0.00000000000074477342
83.65000 0.00000000000041449352
83.70000 -0.00000000000099370831
83.75000 0.00000000000066342840
83.80000 0.00000000000057634621
83.85000 0.00000000000000286859
83.90000 0.00000000000032741132
83.95000 0.00000000000025180348
84.00000 0.00000000000007847643
84.05000 0.00000000000050073836
84.10000 -0.00000000000017045845
84.15000 0.00000000000074967325
84.20000 -0.00000000000041939334
84.25000 0.00000000000099860814
84.30000 0.00000000000024116647
84.35000 0.00000000000033804832
84.40000 -0.00000000000000776841
84.45000 0.00000000000058698321
84.50000 -0.00000000000025670330
84.55000 -0.00000000000098307131
84.60000 0.00000000000040385651
84.65000 0.00000000000108485298
84.70000 -0.00000000000075457307
84.75000 0.00000000000133378787
84.80000 -0.00000000000009401326
84.85000 -0.00000000000023626665
84.90000 -0.00000000000034294815
84.95000 0.00000000000001266824
85.00000 -0.00000000000059188303
85.05000 -0.00000000000064789158
85.10000 0.00000000000006867678
85.15000 -0.00000000000039895669
85.20000 -0.00000000000018025811
85.25000 0.00000000000075947290
85.30000 -0.00000000000042919299
85.35000 0.00000000000009891308
85.40000 -0.00000000000067812788
85.45000 0.00000000000034784797
85.50000 -0.00000000000092706277
85.55000 -0.00000000000031271184
85.60000 0.00000000000064299175
85.65000 -0.00000000000006377696
85.70000 0.00000000000039405686
85.75000 0.00000000000018515793
85.80000 0.00000000000014512198
85.85000 0.00000000000043409282
85.90000 -0.00000000000010381291
85.95000 0.00000000000068302770
86.00000 -0.00000000000035274780
86.05000 0.00000000000002246789
86.10000 0.00000000000030781202
86.15000 0.00000000000027140278
86.20000 0.00000000000005887713
86.25000 0.00000000000052033766
86.30000 -0.00000000000019005776
86.35000 0.00000000000076927255
86.40000 -0.00000000000043899264
86.45000 0.00000000000101820744
86.50000 -0.00000000000068792753
86.55000 -0.00000000000055184708
86.60000 -0.00000000000002736771
86.65000 -0.00000000000030291219
86.70000 -0.00000000000027630260
86.75000 -0.00000000000005397731
86.80000 0.00000000000038425721
86.85000 0.00000000000019495758
86.90000 -0.00000000000077417237
86.95000 0.00000000000044389247
87.00000 -0.00000000000102310726
87.05000 -0.00000000000021666735
87.10000 -0.00000000000036254745
87.15000 0.00000000000003226754
87.20000 -0.00000000000061148233
87.25000 0.00000000000028120243
87.30000 0.00000000000095857218
87.35000 -0.00000000000037935739
87.40000 0.00000000000070963730
87.45000 0.00000000000077907220
87.50000 -0.00000000000135828699
87.55000 0.00000000000011851239
87.60000 0.00000000000021176752
87.65000 0.00000000000036744727
87.70000 -0.00000000000003716736
87.75000 0.00000000000061638216
87.80000 0.00000000000062339245
87.85000 -0.00000000000004417766
87.90000 0.00000000000037445756
87.95000 0.00000000000020475723
88.00000 -0.00000000000078397203
88.05000 0.00000000000045369212
88.10000 -0.00000000000012341221
88.15000 0.00000000000070262700
88.20000 -0.00000000000037234710
88.25000 0.00000000000095156189
88.30000 0.00000000000028821272
88.35000 -0.00000000000061849263
88.40000 0.00000000000003927783
88.45000 -0.00000000000036955774
88.50000 -0.00000000000020965706
88.55000 -0.00000000000012062285
88.60000 -0.00000000000045859194
88.65000 0.00000000000012831204
88.70000 -0.00000000000070752683
88.75000 0.00000000000037724692
88.80000 -0.00000000000004696701
88.85000 -0.00000000000028331289
88.90000 -0.00000000000029590190
88.95000 -0.00000000000003437801
89.00000 -0.00000000000054483679
89.05000 0.00000000000021455688
89.10000 -0.00000000000079377168
89.15000 0.00000000000046349177
89.20000 -0.00000000000104270656
89.25000 0.00000000000071242666
89.30000 0.00000000000052734795
89.35000 0.00000000000005186684
89.40000 0.00000000000027841307
89.45000 0.00000000000030080173
89.50000 0.00000000000002947818
89.55000 -0.00000000000035975809
89.60000 -0.00000000000021945671
89.65000 0.00000000000079867150
89.70000 -0.00000000000046839159
89.75000 0.00000000000104760639
89.80000 0.00000000000019216822
89.85000 0.00000000000038704657
89.90000 -0.00000000000005676667
89.95000 0.00000000000063598146
90.00000 -0.00000000000030570155
90.05000 -0.00000000000093407306
90.10000 0.00000000000035485826
90.15000 -0.00000000000068513817
90.20000 -0.00000000000080357133
90.25000 0.00000000000138278612
90.30000 -0.00000000000014301151
90.35000 -0.00000000000018726840
90.40000 -0.00000000000039194640
90.45000 0.00000000000006166649
90.50000 -0.00000000000064088128
90.55000 -0.00000000000059889332
90.60000 0.00000000000001967853
90.65000 -0.00000000000034995844
90.70000 -0.00000000000022925636
90.75000 -0.00000000000010102355
90.80000 -0.00000000000047819124
90.85000 0.00000000000014791134
90.90000 -0.00000000000072712613
90.95000 0.00000000000039684622
91.00000 -0.00000000000097606102
91.05000 -0.00000000000026371359
91.10000 0.00000000000059399350
91.15000 -0.00000000000001477870
91.20000 0.00000000000034505861
91.25000 0.00000000000023415618
91.30000 0.00000000000009612373
91.35000 0.00000000000048309107
91.40000 -0.00000000000015281116
91.45000 0.00000000000073202596
91.50000 -0.00000000000040174605
91.55000 0.00000000000007146614
91.60000 0.00000000000025881377
91.65000 0.00000000000032040103
91.70000 0.00000000000000987888
91.75000 0.00000000000056933591
91.80000 -0.00000000000023905601
91.85000 0.00000000000081827080
91.90000 -0.00000000000048799089
91.95000 0.00000000000106720569
92.00000 -0.00000000000073692578
92.05000 -0.00000000000050284883
92.10000 -0.00000000000007636597
92.15000 -0.00000000000025391394
92.20000 -0.00000000000032530085
92.25000 -0.00000000000000497905
92.30000 0.00000000000033525896
92.35000 0.00000000000024395583
92.40000 -0.00000000000082317063
92.45000 0.00000000000049289072
92.50000 -0.00000000000107210551
92.55000 -0.00000000000016766910
92.60000 -0.00000000000041154570
92.65000 0.00000000000008126579
92.70000 -0.00000000000066048059
92.75000 0.00000000000033020068
92.80000 0.00000000000090957393
92.85000 -0.00000000000033035914
92.90000 0.00000000000066063904
92.95000 0.00000000000082807045
93.00000 -0.00000000000140728525
93.05000 0.00000000000016751064
93.10000 0.00000000000016276927
93.15000 0.00000000000041644552
93.20000 -0.00000000000008616562
93.25000 0.00000000000066538041
93.30000 0.00000000000057439420
93.35000 0.00000000000000482060
93.40000 0.00000000000032545931
93.45000 0.00000000000025375548
93.50000 0.00000000000007652442
93.55000 0.00000000000050269037
93.60000 -0.00000000000017241046
93.65000 0.00000000000075162526
93.70000 -0.00000000000042134535
93.75000 0.00000000000100056014
93.80000 0.00000000000023921447
93.85000 -0.00000000000056949437
93.90000 -0.00000000000000972042
93.95000 -0.00000000000032055949
94.00000 -0.00000000000025865531
94.05000 -0.00000000000007162460
94.10000 -0.00000000000050759019
94.15000 0.00000000000017731029
94.20000 -0.00000000000075652508
94.25000 0.00000000000042624517
94.30000 -0.00000000000009596527
94.35000 -0.00000000000023431464
94.40000 -0.00000000000034490015
94.45000 0.00000000000001462025
94.50000 -0.00000000000059383504
94.55000 0.00000000000026355513
94.60000 -0.00000000000084276993
94.65000 0.00000000000051249002
94.70000 -0.00000000000109170481
94.75000 0.00000000000076142491
94.80000 0.00000000000047834970
94.85000 0.00000000000010086509
94.90000 0.00000000000022941482
94.95000 0.00000000000034979998
95.00000 -0.00000000000001952007
95.05000 -0.00000000000031075984
95.10000 0.00000000000064103974
95.15000 0.00000000000084766975
95.20000 -0.00000000000051738984
95.25000 0.00000000000109660464
95.30000 0.00000000000014316997
95.35000 0.00000000000043604482
95.40000 -0.00000000000010576492
95.45000 0.00000000000068497971
95.50000 -0.00000000000035469980
95.55000 -0.00000000000088507481
95.60000 0.00000000000030586001
95.65000 -0.00000000000063613992
95.70000 0.00000000000005692512
95.75000 0.00000000000143178437
95.80000 -0.00000000000019200976
95.85000 -0.00000000000013827014
95.90000 -0.00000000000044094465
95.95000 0.00000000000011066474
96.00000 -0.00000000000068987954
96.05000 -0.00000000000054989507
96.10000 -0.00000000000002931972
96.15000 -0.00000000000030096019
96.20000 -0.00000000000027825461
96.25000 -0.00000000000005202530
96.30000 -0.00000000000052718950
96.35000 0.00000000000019690959
96.40000 -0.00000000000077612438
96.45000 0.00000000000044584447
96.50000 -0.00000000000102505927
96.55000 -0.00000000000021471534
96.60000 0.00000000000054499525
96.65000 0.00000000000003421955
96.70000 0.00000000000029606036
96.75000 0.00000000000028315443
96.80000 0.00000000000004712547
96.85000 0.00000000000053208932
96.90000 -0.00000000000020180941
96.95000 0.00000000000078102421
97.00000 -0.00000000000045074430
97.05000 0.00000000000012046439
97.10000 0.00000000000020981552
97.15000 0.00000000000036939928
97.20000 -0.00000000000003911937
97.25000 0.00000000000061833417
97.30000 -0.00000000000028805426
97.35000 0.00000000000086726905
97.40000 -0.00000000000053698915
97.45000 0.00000000000111620394
97.50000 -0.00000000000078592403
97.55000 -0.00000000000045385058
97.60000 -0.00000000000012536422
97.65000 -0.00000000000020491569
97.70000 -0.00000000000037429910
97.75000 0.00000000000004401920
97.80000 0.00000000000028626071
97.85000 -0.00000000000061654062
97.90000 -0.00000000000087216888
97.95000 0.00000000000054188897
98.00000 -0.00000000000112110376
98.05000 -0.00000000000011867084
98.10000 -0.00000000000046054395
98.15000 0.00000000000013026404
98.20000 -0.00000000000070947884
98.25000 0.00000000000037919893
98.30000 0.00000000000086057568
98.35000 -0.00000000000028136089
98.40000 0.00000000000061164079
98.45000 -0.00000000000003242600
98.50000 -0.00000000000145628350
98.55000 0.00000000000021650889
98.60000 0.00000000000011377102
98.65000 0.00000000000046544378
98.70000 -0.00000000000013516387
98.75000 0.00000000000071437866
98.80000 0.00000000000052539595
98.85000 0.00000000000005381885
98.90000 0.00000000000027646106
98.95000 0.00000000000030275373
99.00000 0.00000000000002752617
99.05000 0.00000000000055168862
99.10000 -0.00000000000022140871
99.15000 0.00000000000080062351
99.20000 -0.00000000000047034360
99.25000 0.00000000000104955839
99.30000 0.00000000000019021621
99.35000 -0.00000000000052049612
99.40000 -0.00000000000005871867
99.45000 -0.00000000000027156124
99.50000 -0.00000000000030765356
99.55000 -0.00000000000002262635
99.60000 -0.00000000000055658845
99.65000 0.00000000000022630854
99.70000 -0.00000000000080552333
99.75000 0.00000000000047524343
99.80000 -0.00000000000014496352
99.85000 -0.00000000000018531639
99.90000 -0.00000000000039389840
99.95000 0.00000000000006361850
100.00000 -0.00000000000064283329
